/*--------------------------------*- C++ -*----------------------------------*\
  =========                 |
  \\      /  F ield         | OpenFOAM: The Open Source CFD Toolbox
   \\    /   O peration     | Website:  https://openfoam.org
    \\  /    A nd           | Version:  7
     \\/     M anipulation  |
\*---------------------------------------------------------------------------*/
FoamFile
{
    version     2.0;
    format      ascii;
    class       volVectorField;
    location    "0.2";
    object      U;
}
// * * * * * * * * * * * * * * * * * * * * * * * * * * * * * * * * * * * * * //

dimensions      [0 1 -1 0 0 0 0];

internalField   nonuniform List<vector> 
1600
(
(6.05676e-05 -6.03464e-05 0)
(0.00015597 -5.69852e-05 0)
(0.00015683 -6.973e-06 0)
(6.50574e-06 5.24363e-05 0)
(-0.000303373 0.000107902 0)
(-0.000756443 0.000154714 0)
(-0.00132826 0.000191503 0)
(-0.00199186 0.000218315 0)
(-0.00272004 0.000235721 0)
(-0.00348653 0.000244471 0)
(-0.00426661 0.000245354 0)
(-0.00503742 0.000239154 0)
(-0.00577812 0.00022663 0)
(-0.00646994 0.000208516 0)
(-0.00709627 0.000185519 0)
(-0.00764261 0.000158331 0)
(-0.00809666 0.000127632 0)
(-0.00844826 9.41044e-05 0)
(-0.0086895 5.84354e-05 0)
(-0.00881474 2.13315e-05 0)
(-0.0088207 -1.64736e-05 0)
(-0.00870651 -5.42133e-05 0)
(-0.00847387 -9.10849e-05 0)
(-0.00812707 -0.000126249 0)
(-0.00767312 -0.000158836 0)
(-0.00712179 -0.000187949 0)
(-0.00648564 -0.000212675 0)
(-0.00578001 -0.000232103 0)
(-0.00502294 -0.000245333 0)
(-0.00423501 -0.000251497 0)
(-0.00343913 -0.000249783 0)
(-0.00266023 -0.000239454 0)
(-0.00192482 -0.000219874 0)
(-0.00126037 -0.000190562 0)
(-0.000694457 -0.000151318 0)
(-0.000253298 -0.000102562 0)
(4.06126e-05 -4.61769e-05 0)
(0.000174146 1.26085e-05 0)
(0.000160219 6.01183e-05 0)
(6.02084e-05 5.9971e-05 0)
(5.86575e-05 -0.000156663 0)
(7.24916e-05 -6.91767e-05 0)
(-0.000178499 0.000182438 0)
(-0.00077262 0.000476837 0)
(-0.00172432 0.000760717 0)
(-0.00300705 0.00100894 0)
(-0.0045723 0.0012102 0)
(-0.00636069 0.00136059 0)
(-0.00830849 0.00146002 0)
(-0.0103515 0.00151039 0)
(-0.0124275 0.00151466 0)
(-0.0144776 0.00147639 0)
(-0.0164473 0.00139946 0)
(-0.018287 0.00128791 0)
(-0.0199525 0.00114588 0)
(-0.021405 0.000977554 0)
(-0.0226115 0.000787199 0)
(-0.0235447 0.000579145 0)
(-0.0241836 0.000357825 0)
(-0.0245133 0.000127795 0)
(-0.0245252 -0.000106231 0)
(-0.0242176 -0.000339372 0)
(-0.0235954 -0.000566569 0)
(-0.0226706 -0.000782604 0)
(-0.0214623 -0.00098213 0)
(-0.019997 -0.00115974 0)
(-0.0183082 -0.00131002 0)
(-0.0164367 -0.00142769 0)
(-0.01443 -0.00150769 0)
(-0.0123416 -0.00154537 0)
(-0.0102307 -0.00153663 0)
(-0.00816054 -0.00147821 0)
(-0.00619718 -0.00136793 0)
(-0.00440737 -0.00120526 0)
(-0.00285548 -0.000992065 0)
(-0.00159922 -0.000734413 0)
(-0.000683041 -0.000445848 0)
(-0.000127059 -0.000153514 0)
(9.18275e-05 8.82055e-05 0)
(6.16655e-05 0.0001606 0)
(1.1448e-05 -0.000162536 0)
(-0.000171861 0.000178677 0)
(-0.000803734 0.000813819 0)
(-0.00193027 0.00153585 0)
(-0.00355232 0.00223784 0)
(-0.00563396 0.00286034 0)
(-0.00811041 0.00337178 0)
(-0.0109002 0.00375778 0)
(-0.0139139 0.00401417 0)
(-0.0170596 0.00414289 0)
(-0.0202465 0.00414963 0)
(-0.0233878 0.00404237 0)
(-0.0264023 0.00383053 0)
(-0.0292156 0.00352444 0)
(-0.0317607 0.00313499 0)
(-0.033979 0.00267347 0)
(-0.0358203 0.00215154 0)
(-0.0372435 0.00158113 0)
(-0.0382165 0.000974536 0)
(-0.0387169 0.000344411 0)
(-0.038732 -0.000296179 0)
(-0.0382595 -0.000933744 0)
(-0.0373071 -0.00155438 0)
(-0.0358934 -0.00214384 0)
(-0.0340479 -0.00268763 0)
(-0.0318107 -0.00317117 0)
(-0.0292328 -0.00358008 0)
(-0.0263756 -0.00390041 0)
(-0.0233102 -0.0041191 0)
(-0.0201165 -0.0042244 0)
(-0.0168818 -0.00420642 0)
(-0.013699 -0.00405791 0)
(-0.0106639 -0.00377518 0)
(-0.00787192 -0.00335949 0)
(-0.0054135 -0.00281927 0)
(-0.00336806 -0.00217387 0)
(-0.00179526 -0.00145989 0)
(-0.000722989 -0.000741095 0)
(-0.000138913 -0.000126635 0)
(1.76255e-05 0.000179881 0)
(-4.53689e-05 -2.18238e-05 0)
(-0.000464129 0.000768009 0)
(-0.00153463 0.00194083 0)
(-0.0032402 0.00322539 0)
(-0.00555176 0.00446618 0)
(-0.00841837 0.00556839 0)
(-0.0117591 0.00647702 0)
(-0.015474 0.007164 0)
(-0.0194534 0.00761869 0)
(-0.023584 0.00784178 0)
(-0.027753 0.0078414 0)
(-0.0318517 0.00763055 0)
(-0.0357775 0.00722549 0)
(-0.0394363 0.00664461 0)
(-0.0427429 0.00590776 0)
(-0.0456225 0.00503587 0)
(-0.048011 0.00405065 0)
(-0.0498558 0.00297458 0)
(-0.051116 0.00183083 0)
(-0.0517631 0.00064331 0)
(-0.0517811 -0.000563328 0)
(-0.0511669 -0.00176367 0)
(-0.0499311 -0.00293161 0)
(-0.0480976 -0.00404049 0)
(-0.045704 -0.0050633 0)
(-0.0428018 -0.00597308 0)
(-0.039456 -0.00674329 0)
(-0.0357445 -0.00734852 0)
(-0.0317574 -0.00776516 0)
(-0.0275953 -0.00797233 0)
(-0.023368 -0.00795302 0)
(-0.0191913 -0.00769544 0)
(-0.0151844 -0.00719489 0)
(-0.0114649 -0.00645615 0)
(-0.00814404 -0.00549709 0)
(-0.00531985 -0.00435417 0)
(-0.00306767 -0.0030909 0)
(-0.00142934 -0.00180942 0)
(-0.000419909 -0.000669596 0)
(-3.66792e-05 5.96228e-05 0)
(-0.000100392 0.000278634 0)
(-0.000760733 0.00172869 0)
(-0.00228856 0.00359057 0)
(-0.00459109 0.00555357 0)
(-0.0075989 0.00742515 0)
(-0.01124 0.00908027 0)
(-0.0154147 0.010442 0)
(-0.0200051 0.0114684 0)
(-0.0248835 0.0121415 0)
(-0.0299186 0.0124601 0)
(-0.0349797 0.0124348 0)
(-0.0399404 0.0120839 0)
(-0.0446814 0.0114312 0)
(-0.0490923 0.0105045 0)
(-0.0530735 0.00933424 0)
(-0.0565372 0.00795273 0)
(-0.0594082 0.00639387 0)
(-0.0616245 0.00469284 0)
(-0.0631382 0.00288604 0)
(-0.0639156 0.00101106 0)
(-0.0639381 -0.000893367 0)
(-0.0632023 -0.00278735 0)
(-0.0617203 -0.00463002 0)
(-0.0595204 -0.00637972 0)
(-0.0566469 -0.00799442 0)
(-0.0531602 -0.00943225 0)
(-0.0491362 -0.0106523 0)
(-0.0446662 -0.0116155 0)
(-0.0398552 -0.0122858 0)
(-0.0348206 -0.0126318 0)
(-0.0296902 -0.0126285 0)
(-0.0245986 -0.012259 0)
(-0.0196841 -0.011518 0)
(-0.0150833 -0.0104144 0)
(-0.0109264 -0.00897657 0)
(-0.00732995 -0.0072589 0)
(-0.00438801 -0.00535088 0)
(-0.00216266 -0.00338884 0)
(-0.000706894 -0.00157303 0)
(-8.95525e-05 -0.000214774 0)
(-0.000150579 0.000732418 0)
(-0.00104523 0.00306144 0)
(-0.00302791 0.00577033 0)
(-0.00592725 0.00852776 0)
(-0.00962832 0.0111158 0)
(-0.0140333 0.0133861 0)
(-0.0190209 0.0152437 0)
(-0.0244537 0.0166344 0)
(-0.0301865 0.0175339 0)
(-0.0360719 0.0179397 0)
(-0.0419634 0.0178648 0)
(-0.0477198 0.0173337 0)
(-0.0532079 0.0163787 0)
(-0.0583044 0.015038 0)
(-0.062898 0.0133538 0)
(-0.0668904 0.0113715 0)
(-0.0701975 0.00913871 0)
(-0.0727498 0.00670518 0)
(-0.0744937 0.00412238 0)
(-0.0753915 0.0014435 0)
(-0.0754222 -0.00127662 0)
(-0.0745816 -0.00398162 0)
(-0.0728835 -0.00661377 0)
(-0.0703591 -0.00911436 0)
(-0.0670576 -0.0114243 0)
(-0.0630463 -0.0134848 0)
(-0.0584099 -0.0152385 0)
(-0.0532499 -0.016631 0)
(-0.0476836 -0.0176123 0)
(-0.041842 -0.018139 0)
(-0.0358679 -0.0181769 0)
(-0.029912 -0.0177035 0)
(-0.0241297 -0.016712 0)
(-0.0186754 -0.0152154 0)
(-0.013698 -0.0132522 0)
(-0.00933459 -0.0108931 0)
(-0.00570125 -0.00825059 0)
(-0.00288532 -0.00548923 0)
(-0.000983125 -0.00283946 0)
(-0.000137778 -0.000637637 0)
(-0.000195835 0.0013292 0)
(-0.00131329 0.00475489 0)
(-0.00373889 0.00847248 0)
(-0.00722556 0.0121423 0)
(-0.0116112 0.0155308 0)
(-0.0167692 0.0184736 0)
(-0.0225538 0.0208625 0)
(-0.0288064 0.0226341 0)
(-0.0353642 0.0237598 0)
(-0.0420635 0.024237 0)
(-0.0487437 0.0240827 0)
(-0.0552504 0.0233283 0)
(-0.0614386 0.0220157 0)
(-0.0671742 0.0201946 0)
(-0.0723365 0.0179202 0)
(-0.0768188 0.0152521 0)
(-0.0805296 0.0122533 0)
(-0.083394 0.00898915 0)
(-0.0853533 0.00552784 0)
(-0.0863666 0.00193963 0)
(-0.0864108 -0.00170305 0)
(-0.0854811 -0.00532575 0)
(-0.0835916 -0.00885231 0)
(-0.0807757 -0.0122053 0)
(-0.0770862 -0.015307 0)
(-0.0725953 -0.0180798 0)
(-0.0673944 -0.0204486 0)
(-0.0615932 -0.0223417 0)
(-0.0553188 -0.0236937 0)
(-0.0487138 -0.0244476 0)
(-0.0419339 -0.0245587 0)
(-0.0351446 -0.0239975 0)
(-0.0285173 -0.0227548 0)
(-0.0222246 -0.0208462 0)
(-0.0164353 -0.0183181 0)
(-0.0113087 -0.0152552 0)
(-0.00698644 -0.0117891 0)
(-0.00358449 -0.00810641 0)
(-0.00124446 -0.00445956 0)
(-0.000181234 -0.00119927 0)
(-0.000237095 0.00205929 0)
(-0.00156613 0.00679448 0)
(-0.00442047 0.0116836 0)
(-0.00848186 0.0163859 0)
(-0.0135414 0.0206593 0)
(-0.0194419 0.0243301 0)
(-0.0260112 0.0272816 0)
(-0.0330682 0.0294457 0)
(-0.040431 0.0307919 0)
(-0.04792 0.0313201 0)
(-0.0553607 0.0310526 0)
(-0.0625868 0.0300295 0)
(-0.0694426 0.0283033 0)
(-0.0757852 0.0259367 0)
(-0.0814858 0.022999 0)
(-0.0864311 0.0195652 0)
(-0.0905241 0.0157145 0)
(-0.0936849 0.0115293 0)
(-0.0958513 0.0070954 0)
(-0.0969793 0.00250122 0)
(-0.0970441 -0.00216207 0)
(-0.0960397 -0.00680081 0)
(-0.0939803 -0.0113192 0)
(-0.0909003 -0.01562 0)
(-0.0868547 -0.019605 0)
(-0.0819189 -0.0231771 0)
(-0.0761893 -0.0262414 0)
(-0.069782 -0.0287074 0)
(-0.0628322 -0.0304926 0)
(-0.0554923 -0.031525 0)
(-0.0479299 -0.0317472 0)
(-0.0403245 -0.0311211 0)
(-0.0328638 -0.0296329 0)
(-0.0257389 -0.0272984 0)
(-0.0191401 -0.0241696 0)
(-0.0132517 -0.0203418 0)
(-0.00824295 -0.0159613 0)
(-0.00426095 -0.0112318 0)
(-0.00149273 -0.00642168 0)
(-0.000220936 -0.00189083 0)
(-0.000275499 0.00291491 0)
(-0.00180709 0.00916691 0)
(-0.0050776 0.0153903 0)
(-0.00970189 0.0212465 0)
(-0.0154254 0.0264907 0)
(-0.0220593 0.0309449 0)
(-0.0294039 0.0344893 0)
(-0.0372542 0.0370546 0)
(-0.0454085 0.0386124 0)
(-0.0536707 0.0391676 0)
(-0.0618525 0.0387503 0)
(-0.0697763 0.037411 0)
(-0.077277 0.0352149 0)
(-0.0842037 0.0322385 0)
(-0.0904214 0.0285668 0)
(-0.0958111 0.024291 0)
(-0.100272 0.0195076 0)
(-0.103719 0.0143168 0)
(-0.106089 0.00882268 0)
(-0.107334 0.00313271 0)
(-0.107428 -0.00264253 0)
(-0.106363 -0.00838943 0)
(-0.104154 -0.0139917 0)
(-0.100834 -0.0193312 0)
(-0.0964592 -0.0242887 0)
(-0.0911071 -0.0287457 0)
(-0.0848773 -0.0325862 0)
(-0.0778905 -0.0356997 0)
(-0.0702886 -0.0379843 0)
(-0.0622329 -0.0393509 0)
(-0.0539018 -0.0397275 0)
(-0.0454888 -0.0390648 0)
(-0.037198 -0.0373414 0)
(-0.0292405 -0.0345707 0)
(-0.0218297 -0.0308069 0)
(-0.0151768 -0.0261522 0)
(-0.00948106 -0.0207637 0)
(-0.00492216 -0.0148582 0)
(-0.00173222 -0.00871641 0)
(-0.000258181 -0.00270579 0)
(-0.000312101 0.00389058 0)
(-0.00204007 0.0118619 0)
(-0.0057176 0.0195814 0)
(-0.0108959 0.0267143 0)
(-0.0172756 0.0330166 0)
(-0.0246363 0.0383102 0)
(-0.0327493 0.042477 0)
(-0.041385 0.0454507 0)
(-0.050321 0.047209 0)
(-0.0593441 0.0477647 0)
(-0.0682526 0.0471589 0)
(-0.0768577 0.0454545 0)
(-0.0849859 0.0427314 0)
(-0.0924795 0.0390817 0)
(-0.099198 0.034607 0)
(-0.105018 0.029416 0)
(-0.109836 0.023623 0)
(-0.113565 0.0173469 0)
(-0.116136 0.0107106 0)
(-0.117503 0.00384063 0)
(-0.117637 -0.0031324 0)
(-0.116527 -0.0100746 0)
(-0.114187 -0.0168487 0)
(-0.11065 -0.0233149 0)
(-0.105971 -0.0293322 0)
(-0.100229 -0.0347595 0)
(-0.0935236 -0.0394585 0)
(-0.0859799 -0.0432967 0)
(-0.0777447 -0.046151 0)
(-0.068987 -0.0479126 0)
(-0.0598959 -0.0484922 0)
(-0.0506783 -0.0478259 0)
(-0.0415556 -0.0458819 0)
(-0.0327599 -0.0426674 0)
(-0.0245295 -0.0382351 0)
(-0.0171046 -0.0326904 0)
(-0.0107164 -0.0261975 0)
(-0.00557841 -0.0189831 0)
(-0.001968 -0.0113388 0)
(-0.000294232 -0.00364047 0)
(-0.000347804 0.00498303 0)
(-0.00226886 0.014873 0)
(-0.00634832 0.02425 0)
(-0.0120755 0.0327829 0)
(-0.0191071 0.040231 0)
(-0.0271903 0.0464205 0)
(-0.0360672 0.0512385 0)
(-0.0454823 0.0546266 0)
(-0.0551918 0.056572 0)
(-0.0649655 0.0570997 0)
(-0.074588 0.0562645 0)
(-0.08386 0.0541449 0)
(-0.0926001 0.0508372 0)
(-0.100645 0.046451 0)
(-0.10785 0.0411061 0)
(-0.114089 0.0349295 0)
(-0.119255 0.0280541 0)
(-0.12326 0.0206176 0)
(-0.126035 0.0127619 0)
(-0.127529 0.00463312 0)
(-0.127713 -0.00361848 0)
(-0.126575 -0.0118385 0)
(-0.124126 -0.0198686 0)
(-0.120395 -0.0275471 0)
(-0.115438 -0.0347103 0)
(-0.109331 -0.0411938 0)
(-0.102176 -0.0468356 0)
(-0.0940973 -0.0514791 0)
(-0.0852469 -0.0549779 0)
(-0.0757999 -0.0572005 0)
(-0.0659552 -0.0580371 0)
(-0.0559336 -0.0574059 0)
(-0.045974 -0.0552605 0)
(-0.0363307 -0.0515975 0)
(-0.0272686 -0.0464643 0)
(-0.0190588 -0.0399655 0)
(-0.0119666 -0.0322692 0)
(-0.006241 -0.02361 0)
(-0.00220517 -0.0142893 0)
(-0.000330229 -0.00469404 0)
(-0.000383357 0.00619099 0)
(-0.00249688 0.0181975 0)
(-0.00697734 0.0293929 0)
(-0.0132526 0.0394493 0)
(-0.0209351 0.0481313 0)
(-0.0297393 0.0552723 0)
(-0.0393769 0.0607693 0)
(-0.049566 0.0645756 0)
(-0.0600411 0.0666926 0)
(-0.0705544 0.0671612 0)
(-0.0808772 0.0660538 0)
(-0.0908004 0.0634672 0)
(-0.100136 0.0595168 0)
(-0.108715 0.0543317 0)
(-0.11639 0.0480511 0)
(-0.123034 0.0408214 0)
(-0.128539 0.0327945 0)
(-0.132816 0.0241273 0)
(-0.135794 0.0149805 0)
(-0.137423 0.00551936 0)
(-0.13767 -0.00408626 0)
(-0.136521 -0.0136619 0)
(-0.133985 -0.0230284 0)
(-0.130088 -0.0320021 0)
(-0.124881 -0.0403962 0)
(-0.11844 -0.0480222 0)
(-0.110862 -0.054693 0)
(-0.102274 -0.0602262 0)
(-0.0928287 -0.0644491 0)
(-0.0827071 -0.067205 0)
(-0.0721168 -0.0683593 0)
(-0.0612918 -0.0678079 0)
(-0.0504893 -0.0654855 0)
(-0.0399865 -0.0613737 0)
(-0.0300767 -0.0555094 0)
(-0.021064 -0.0479927 0)
(-0.01325 -0.0389924 0)
(-0.00692116 -0.0287489 0)
(-0.00244862 -0.0175739 0)
(-0.000367187 -0.00586842 0)
(-0.000419385 0.0075149 0)
(-0.00272718 0.0218363 0)
(-0.00761162 0.0350113 0)
(-0.0144381 0.0467146 0)
(-0.0227739 0.0567176 0)
(-0.0322994 0.0648644 0)
(-0.0426955 0.0710656 0)
(-0.0536528 0.075291 0)
(-0.0648836 0.0775607 0)
(-0.0761229 0.0779361 0)
(-0.0871287 0.0765108 0)
(-0.0976832 0.0734036 0)
(-0.107592 0.0687517 0)
(-0.116684 0.0627058 0)
(-0.12481 0.0554261 0)
(-0.131842 0.047079 0)
(-0.137673 0.0378361 0)
(-0.142214 0.0278732 0)
(-0.145395 0.0173695 0)
(-0.147164 0.00650902 0)
(-0.147487 -0.00451991 0)
(-0.146348 -0.0155234 0)
(-0.14375 -0.0263019 0)
(-0.139717 -0.0366503 0)
(-0.134295 -0.0463586 0)
(-0.127553 -0.0552135 0)
(-0.119588 -0.0630016 0)
(-0.110522 -0.0695126 0)
(-0.100509 -0.0745451 0)
(-0.0897327 -0.077913 0)
(-0.0784091 -0.0794532 0)
(-0.0667842 -0.0790343 0)
(-0.0551337 -0.0765666 0)
(-0.0437587 -0.0720111 0)
(-0.0329823 -0.0653896 0)
(-0.023144 -0.0567928 0)
(-0.0145841 -0.0463869 0)
(-0.00762975 -0.0344166 0)
(-0.00270295 -0.0212041 0)
(-0.000406017 -0.00716801 0)
(-0.000456421 0.00895672 0)
(-0.00296245 0.0257937 0)
(-0.00825745 0.0411103 0)
(-0.0156421 0.0545832 0)
(-0.0246362 0.0659927 0)
(-0.0348852 0.0751964 0)
(-0.0460371 0.0821231 0)
(-0.0577548 0.0867639 0)
(-0.069728 0.089163 0)
(-0.0816743 0.0894066 0)
(-0.0933397 0.0876143 0)
(-0.104498 0.0839305 0)
(-0.114952 0.0785175 0)
(-0.124527 0.0715497 0)
(-0.133076 0.0632095 0)
(-0.140473 0.0536848 0)
(-0.146611 0.0431668 0)
(-0.151404 0.0318497 0)
(-0.154784 0.0199309 0)
(-0.156698 0.00761154 0)
(-0.15711 -0.00490235 0)
(-0.156002 -0.0173988 0)
(-0.153372 -0.0296589 0)
(-0.14924 -0.0414568 0)
(-0.143643 -0.0525597 0)
(-0.136645 -0.0627293 0)
(-0.128335 -0.0717245 0)
(-0.118833 -0.0793054 0)
(-0.108288 -0.0852388 0)
(-0.0968865 -0.0893054 0)
(-0.0848491 -0.0913086 0)
(-0.0724338 -0.0910842 0)
(-0.0599339 -0.088512 0)
(-0.0476749 -0.0835262 0)
(-0.0360116 -0.0761274 0)
(-0.0253209 -0.0663917 0)
(-0.0159857 -0.054479 0)
(-0.00837702 -0.0406362 0)
(-0.00297246 -0.0251965 0)
(-0.000447553 -0.00859957 0)
(-0.000494937 0.0105197 0)
(-0.00320513 0.0300766 0)
(-0.00892061 0.0476982 0)
(-0.0168735 0.0630627 0)
(-0.0265335 0.0759609 0)
(-0.0375084 0.0862681 0)
(-0.0494124 0.0939357 0)
(-0.0618791 0.098982 0)
(-0.0745753 0.10148 0)
(-0.0872021 0.101548 0)
(-0.0994944 0.0993349 0)
(-0.11122 0.0950156 0)
(-0.122178 0.0887805 0)
(-0.132197 0.0808304 0)
(-0.141132 0.0713717 0)
(-0.148859 0.060614 0)
(-0.155278 0.0487682 0)
(-0.160305 0.0360467 0)
(-0.163875 0.0226633 0)
(-0.165935 0.00883528 0)
(-0.166449 -0.00521554 0)
(-0.165396 -0.0192608 0)
(-0.162769 -0.033064 0)
(-0.158579 -0.0463797 0)
(-0.152857 -0.0589531 0)
(-0.145657 -0.0705209 0)
(-0.137059 -0.0808138 0)
(-0.127174 -0.0895602 0)
(-0.116147 -0.096492 0)
(-0.104161 -0.101353 0)
(-0.0914406 -0.103907 0)
(-0.0782533 -0.103951 0)
(-0.0649089 -0.101327 0)
(-0.0517578 -0.0959347 0)
(-0.0391874 -0.0877472 0)
(-0.0276154 -0.0768196 0)
(-0.0174705 -0.0633007 0)
(-0.00917274 -0.0474369 0)
(-0.00326125 -0.0295727 0)
(-0.000492588 -0.010172 0)
(-0.000535386 0.0122084 0)
(-0.0034576 0.0346951 0)
(-0.00960662 0.0547867 0)
(-0.0181409 0.0721631 0)
(-0.0284761 0.086628 0)
(-0.0401793 0.0980783 0)
(-0.0528284 0.106494 0)
(-0.0660271 0.111927 0)
(-0.079419 0.114486 0)
(-0.0926893 0.114326 0)
(-0.105563 0.111632 0)
(-0.117805 0.106614 0)
(-0.129214 0.0994948 0)
(-0.139623 0.090503 0)
(-0.148891 0.0798711 0)
(-0.156903 0.0678311 0)
(-0.163564 0.0546132 0)
(-0.168798 0.0404468 0)
(-0.172542 0.0255609 0)
(-0.174746 0.0101865 0)
(-0.175374 -0.00544084 0)
(-0.174402 -0.0210789 0)
(-0.171816 -0.0364757 0)
(-0.167619 -0.0513684 0)
(-0.161832 -0.0654815 0)
(-0.154497 -0.0785272 0)
(-0.145681 -0.0902077 0)
(-0.135484 -0.100218 0)
(-0.12404 -0.108252 0)
(-0.111528 -0.114012 0)
(-0.0981708 -0.117217 0)
(-0.084243 -0.117617 0)
(-0.0700691 -0.115009 0)
(-0.0560239 -0.109249 0)
(-0.0425291 -0.100274 0)
(-0.0300458 -0.0881098 0)
(-0.0190533 -0.0728888 0)
(-0.0100263 -0.0548536 0)
(-0.00357332 -0.0343591 0)
(-0.000541902 -0.0118965 0)
(-0.000578238 0.0140286 0)
(-0.0037223 0.0396616 0)
(-0.0103212 0.0623905 0)
(-0.0194529 0.0818966 0)
(-0.0304735 0.0979997 0)
(-0.0429059 0.110624 0)
(-0.056289 0.119784 0)
(-0.0701947 0.125573 0)
(-0.0842438 0.128143 0)
(-0.0981068 0.127692 0)
(-0.111502 0.124451 0)
(-0.124191 0.118666 0)
(-0.13598 0.110598 0)
(-0.146705 0.100507 0)
(-0.156238 0.0886516 0)
(-0.164473 0.0752874 0)
(-0.171325 0.0606633 0)
(-0.176726 0.045024 0)
(-0.180619 0.0286116 0)
(-0.18296 0.0116683 0)
(-0.183711 -0.00555972 0)
(-0.182846 -0.0228193 0)
(-0.180344 -0.0398463 0)
(-0.1762 -0.0563628 0)
(-0.170421 -0.0720748 0)
(-0.163033 -0.0866718 0)
(-0.154088 -0.0998271 0)
(-0.143668 -0.111201 0)
(-0.131895 -0.120448 0)
(-0.118936 -0.127222 0)
(-0.105008 -0.131192 0)
(-0.0903885 -0.132054 0)
(-0.0754142 -0.129547 0)
(-0.0604832 -0.123477 0)
(-0.046052 -0.11373 0)
(-0.0326286 -0.100297 0)
(-0.0207481 -0.0832844 0)
(-0.0109469 -0.0629262 0)
(-0.0039127 -0.0395864 0)
(-0.000596298 -0.0137859 0)
(-0.00062403 0.0159873 0)
(-0.00400198 0.0449917 0)
(-0.0110705 0.0705273 0)
(-0.0208186 0.0922774 0)
(-0.0325359 0.110082 0)
(-0.0456958 0.123897 0)
(-0.0597949 0.133783 0)
(-0.0743723 0.139882 0)
(-0.0890258 0.142398 0)
(-0.103413 0.141583 0)
(-0.117248 0.137717 0)
(-0.130296 0.131092 0)
(-0.142369 0.122008 0)
(-0.153317 0.110761 0)
(-0.163025 0.0976385 0)
(-0.171401 0.0829176 0)
(-0.178375 0.0668656 0)
(-0.183888 0.0497406 0)
(-0.187896 0.031795 0)
(-0.190357 0.0132789 0)
(-0.191238 -0.00555457 0)
(-0.190507 -0.0244453 0)
(-0.188139 -0.0431207 0)
(-0.184116 -0.0612915 0)
(-0.17843 -0.0786485 0)
(-0.171089 -0.0948601 0)
(-0.162124 -0.109572 0)
(-0.151597 -0.12241 0)
(-0.139607 -0.132985 0)
(-0.126305 -0.1409 0)
(-0.111898 -0.145765 0)
(-0.0966582 -0.147212 0)
(-0.0809317 -0.144915 0)
(-0.0651373 -0.138614 0)
(-0.0497668 -0.128134 0)
(-0.0353782 -0.113416 0)
(-0.0225682 -0.0945316 0)
(-0.0119438 -0.0716997 0)
(-0.00428362 -0.0452901 0)
(-0.000656645 -0.0158558 0)
(-0.000673427 0.0180931 0)
(-0.00430001 0.0507042 0)
(-0.0118621 0.0792183 0)
(-0.0222487 0.103321 0)
(-0.0346741 0.122878 0)
(-0.048556 0.137887 0)
(-0.0633446 0.148461 0)
(-0.0785444 0.154803 0)
(-0.0937312 0.157183 0)
(-0.108552 0.155914 0)
(-0.122721 0.151333 0)
(-0.136011 0.143786 0)
(-0.148247 0.133619 0)
(-0.159298 0.121162 0)
(-0.169065 0.106735 0)
(-0.177478 0.0906365 0)
(-0.184484 0.0731501 0)
(-0.19004 0.054545 0)
(-0.194113 0.0350804 0)
(-0.19667 0.0150104 0)
(-0.19768 -0.00540981 0)
(-0.197111 -0.0259176 0)
(-0.19493 -0.0462368 0)
(-0.191106 -0.0660716 0)
(-0.185614 -0.0851014 0)
(-0.178439 -0.102977 0)
(-0.169588 -0.119319 0)
(-0.159094 -0.133718 0)
(-0.147031 -0.14574 0)
(-0.133523 -0.154932 0)
(-0.118758 -0.16084 0)
(-0.102999 -0.163021 0)
(-0.0865943 -0.161069 0)
(-0.0699788 -0.154644 0)
(-0.0536795 -0.143495 0)
(-0.0383071 -0.127498 0)
(-0.0245272 -0.106676 0)
(-0.013027 -0.0812231 0)
(-0.00469068 -0.0515101 0)
(-0.000723926 -0.0181235 0)
(-0.0007273 0.0203566 0)
(-0.00462072 0.056822 0)
(-0.0127056 0.0884887 0)
(-0.0237568 0.115046 0)
(-0.0369017 0.13639 0)
(-0.0514943 0.152572 0)
(-0.0669342 0.163772 0)
(-0.0826894 0.170268 0)
(-0.0983151 0.172406 0)
(-0.113452 0.170573 0)
(-0.127819 0.165174 0)
(-0.141202 0.156617 0)
(-0.153449 0.145294 0)
(-0.164449 0.131579 0)
(-0.174132 0.115818 0)
(-0.182451 0.0983353 0)
(-0.189375 0.0794266 0)
(-0.194883 0.0593691 0)
(-0.198956 0.0384246 0)
(-0.201573 0.0168464 0)
(-0.202707 -0.00511325 0)
(-0.202326 -0.0271953 0)
(-0.200388 -0.0491256 0)
(-0.19685 -0.0706077 0)
(-0.191667 -0.0913148 0)
(-0.1848 -0.110885 0)
(-0.176223 -0.128917 0)
(-0.165936 -0.144967 0)
(-0.153977 -0.158556 0)
(-0.140437 -0.169173 0)
(-0.125475 -0.176289 0)
(-0.109335 -0.179377 0)
(-0.0923571 -0.177938 0)
(-0.0749892 -0.171531 0)
(-0.0577903 -0.159812 0)
(-0.0414262 -0.142571 0)
(-0.0266386 -0.119766 0)
(-0.0142073 -0.0915504 0)
(-0.00513918 -0.0582915 0)
(-0.000799302 -0.0206092 0)
(-0.000786834 0.0227908 0)
(-0.0049699 0.0633735 0)
(-0.0136137 0.0983688 0)
(-0.0253602 0.127471 0)
(-0.0392354 0.150617 0)
(-0.0545202 0.167924 0)
(-0.0705577 0.179657 0)
(-0.0867783 0.186184 0)
(-0.10272 0.187945 0)
(-0.118021 0.185417 0)
(-0.132412 0.179082 0)
(-0.145704 0.169415 0)
(-0.157769 0.156864 0)
(-0.168532 0.141845 0)
(-0.177952 0.124736 0)
(-0.186015 0.105878 0)
(-0.192719 0.0855814 0)
(-0.198065 0.0641254 0)
(-0.202056 0.0417696 0)
(-0.204682 0.0187609 0)
(-0.205926 -0.00465758 0)
(-0.205754 -0.0282368 0)
(-0.204119 -0.0517118 0)
(-0.200964 -0.0747918 0)
(-0.196222 -0.0971513 0)
(-0.189824 -0.118421 0)
(-0.181709 -0.138183 0)
(-0.171837 -0.155963 0)
(-0.160201 -0.171238 0)
(-0.146848 -0.183434 0)
(-0.131896 -0.191943 0)
(-0.115557 -0.19614 0)
(-0.0981535 -0.195417 0)
(-0.0801366 -0.189214 0)
(-0.0620929 -0.177066 0)
(-0.0447447 -0.158653 0)
(-0.0289173 -0.133845 0)
(-0.0154971 -0.102739 0)
(-0.00563543 -0.065685 0)
(-0.000884206 -0.0233362 0)
(-0.000853677 0.0254125 0)
(-0.00535548 0.0703939 0)
(-0.0146033 0.108896 0)
(-0.0270819 0.140618 0)
(-0.0416973 0.165552 0)
(-0.0576451 0.1839 0)
(-0.074206 0.196031 0)
(-0.090773 0.202429 0)
(-0.10687 0.203647 0)
(-0.122142 0.200264 0)
(-0.136342 0.192856 0)
(-0.149311 0.181972 0)
(-0.160961 0.16812 0)
(-0.171256 0.15176 0)
(-0.180199 0.1333 0)
(-0.187811 0.1131 0)
(-0.194125 0.0914753 0)
(-0.199173 0.068705 0)
(-0.202977 0.0450406 0)
(-0.205549 0.0207158 0)
(-0.206877 -0.00404217 0)
(-0.206932 -0.0290017 0)
(-0.205661 -0.0539147 0)
(-0.202993 -0.0785046 0)
(-0.198836 -0.102455 0)
(-0.193092 -0.125397 0)
(-0.185659 -0.146902 0)
(-0.176448 -0.166474 0)
(-0.165399 -0.183544 0)
(-0.152502 -0.197478 0)
(-0.137821 -0.207581 0)
(-0.12152 -0.213121 0)
(-0.10389 -0.21336 0)
(-0.0853722 -0.207595 0)
(-0.0665728 -0.195213 0)
(-0.0482699 -0.175751 0)
(-0.0313798 -0.148959 0)
(-0.0169116 -0.114852 0)
(-0.00618735 -0.0737477 0)
(-0.000980471 -0.0263312 0)
(-0.000930147 0.0282429 0)
(-0.00578838 0.0779284 0)
(-0.0156975 0.120115 0)
(-0.0289529 0.154512 0)
(-0.044316 0.181182 0)
(-0.0608828 0.200439 0)
(-0.0778659 0.212785 0)
(-0.0946219 0.218846 0)
(-0.110668 0.219313 0)
(-0.125667 0.214886 0)
(-0.139406 0.206248 0)
(-0.15177 0.194031 0)
(-0.162721 0.178808 0)
(-0.172277 0.161081 0)
(-0.180486 0.141288 0)
(-0.187417 0.119802 0)
(-0.193142 0.0969411 0)
(-0.197727 0.0729761 0)
(-0.201222 0.0481444 0)
(-0.203657 0.0226596 0)
(-0.205033 -0.00327473 0)
(-0.205326 -0.0294524 0)
(-0.204479 -0.0556507 0)
(-0.202406 -0.0816163 0)
(-0.198993 -0.107051 0)
(-0.194108 -0.131597 0)
(-0.187606 -0.154825 0)
(-0.179341 -0.176222 0)
(-0.169191 -0.195183 0)
(-0.157077 -0.211011 0)
(-0.142991 -0.222924 0)
(-0.127031 -0.230071 0)
(-0.109439 -0.231566 0)
(-0.0906253 -0.226534 0)
(-0.0712053 -0.214178 0)
(-0.0520074 -0.193852 0)
(-0.0340454 -0.165145 0)
(-0.0184695 -0.127955 0)
(-0.00680513 -0.0825451 0)
(-0.00109052 -0.029626 0)
(-0.00101954 0.0313104 0)
(-0.00628383 0.0860353 0)
(-0.0169278 0.132083 0)
(-0.031014 0.16918 0)
(-0.0471275 0.197484 0)
(-0.0642482 0.217456 0)
(-0.0815152 0.22977 0)
(-0.0982535 0.23523 0)
(-0.113985 0.23469 0)
(-0.128406 0.228999 0)
(-0.141352 0.218955 0)
(-0.15277 0.205284 0)
(-0.162686 0.188624 0)
(-0.171179 0.169521 0)
(-0.178357 0.148438 0)
(-0.18434 0.125754 0)
(-0.189247 0.101783 0)
(-0.193181 0.0767832 0)
(-0.196221 0.0509687 0)
(-0.198421 0.024526 0)
(-0.199797 -0.00237305 0)
(-0.20033 -0.0295561 0)
(-0.199962 -0.056835 0)
(-0.198594 -0.0839895 0)
(-0.196093 -0.110751 0)
(-0.19229 -0.136783 0)
(-0.186994 -0.161668 0)
(-0.18 -0.184886 0)
(-0.171113 -0.205807 0)
(-0.16017 -0.223677 0)
(-0.147075 -0.237625 0)
(-0.13184 -0.246673 0)
(-0.114627 -0.249767 0)
(-0.0957964 -0.245832 0)
(-0.0759509 -0.233842 0)
(-0.0559596 -0.212917 0)
(-0.0369372 -0.182433 0)
(-0.0201953 -0.14212 0)
(-0.00750237 -0.0921527 0)
(-0.00121767 -0.0332584 0)
(-0.00112662 0.0346525 0)
(-0.00686311 0.0947907 0)
(-0.018337 0.144873 0)
(-0.0333185 0.184652 0)
(-0.0501762 0.21442 0)
(-0.0677546 0.234833 0)
(-0.0851165 0.24679 0)
(-0.101565 0.251314 0)
(-0.116646 0.249461 0)
(-0.130108 0.242249 0)
(-0.141858 0.230608 0)
(-0.151923 0.215361 0)
(-0.160408 0.197212 0)
(-0.167467 0.176748 0)
(-0.173275 0.154447 0)
(-0.178011 0.13069 0)
(-0.181842 0.105779 0)
(-0.184913 0.0799481 0)
(-0.187335 0.0533828 0)
(-0.189186 0.0262339 0)
(-0.190499 -0.0013663 0)
(-0.191264 -0.0292877 0)
(-0.191423 -0.0573857 0)
(-0.19087 -0.0854837 0)
(-0.189451 -0.113353 0)
(-0.186965 -0.140694 0)
(-0.183173 -0.167113 0)
(-0.17781 -0.1921 0)
(-0.170599 -0.21501 0)
(-0.161282 -0.235046 0)
(-0.149655 -0.251252 0)
(-0.135616 -0.262519 0)
(-0.119221 -0.26761 0)
(-0.100745 -0.265213 0)
(-0.0807495 -0.254027 0)
(-0.0601243 -0.232873 0)
(-0.0400836 -0.20084 0)
(-0.0221211 -0.157424 0)
(-0.00829771 -0.10266 0)
(-0.00136655 -0.0372748 0)
(-0.00125832 0.03832 0)
(-0.00755622 0.104295 0)
(-0.0199832 0.158573 0)
(-0.0359358 0.200956 0)
(-0.0535137 0.231924 0)
(-0.0714065 0.252403 0)
(-0.0886039 0.263579 0)
(-0.104406 0.266755 0)
(-0.118408 0.263227 0)
(-0.13044 0.254205 0)
(-0.14051 0.240765 0)
(-0.148743 0.223828 0)
(-0.155343 0.204162 0)
(-0.160548 0.182384 0)
(-0.16461 0.158978 0)
(-0.167771 0.134318 0)
(-0.170248 0.108682 0)
(-0.172226 0.0822738 0)
(-0.173852 0.0552399 0)
(-0.175227 0.0276882 0)
(-0.176402 -0.000295696 0)
(-0.177379 -0.0286318 0)
(-0.178104 -0.0572278 0)
(-0.178466 -0.0859604 0)
(-0.178295 -0.114654 0)
(-0.177364 -0.143058 0)
(-0.17539 -0.170819 0)
(-0.172045 -0.197457 0)
(-0.166969 -0.22233 0)
(-0.159797 -0.244616 0)
(-0.150199 -0.263287 0)
(-0.137932 -0.277104 0)
(-0.122908 -0.284637 0)
(-0.105275 -0.284305 0)
(-0.0855095 -0.274475 0)
(-0.0644905 -0.253592 0)
(-0.0435193 -0.220361 0)
(-0.0242903 -0.173948 0)
(-0.00921729 -0.114173 0)
(-0.00154389 -0.0417333 0)
(-0.00142501 0.0423829 0)
(-0.00840588 0.114681 0)
(-0.0219452 0.173296 0)
(-0.0389531 0.218114 0)
(-0.0571946 0.249895 0)
(-0.0751872 0.26993 0)
(-0.0918616 0.279786 0)
(-0.106547 0.281111 0)
(-0.118927 0.275488 0)
(-0.128955 0.264343 0)
(-0.136768 0.248903 0)
(-0.142618 0.230187 0)
(-0.146821 0.209011 0)
(-0.149714 0.18601 0)
(-0.151627 0.161665 0)
(-0.152865 0.136324 0)
(-0.153697 0.110231 0)
(-0.154348 0.0835505 0)
(-0.154992 0.0563817 0)
(-0.155757 0.0287827 0)
(-0.15671 0.000785753 0)
(-0.157867 -0.0275855 0)
(-0.159182 -0.0562982 0)
(-0.160543 -0.0852912 0)
(-0.161773 -0.114453 0)
(-0.162625 -0.143596 0)
(-0.162781 -0.172428 0)
(-0.161855 -0.200517 0)
(-0.159405 -0.227252 0)
(-0.154957 -0.251809 0)
(-0.148035 -0.273111 0)
(-0.138229 -0.289805 0)
(-0.125263 -0.300263 0)
(-0.109106 -0.302612 0)
(-0.09009 -0.294824 0)
(-0.0690302 -0.274873 0)
(-0.0472852 -0.240958 0)
(-0.0267616 -0.191779 0)
(-0.0102986 -0.126824 0)
(-0.00175972 -0.0467089 0)
(-0.00164255 0.0469384 0)
(-0.00947377 0.126127 0)
(-0.0243297 0.189177 0)
(-0.0424765 0.23613 0)
(-0.0612653 0.268163 0)
(-0.0790339 0.287075 0)
(-0.0946871 0.294933 0)
(-0.107637 0.293811 0)
(-0.117714 0.285625 0)
(-0.12504 0.272034 0)
(-0.129924 0.254418 0)
(-0.132769 0.233874 0)
(-0.13402 0.211251 0)
(-0.134116 0.187184 0)
(-0.133466 0.162124 0)
(-0.132435 0.136385 0)
(-0.131337 0.110162 0)
(-0.130429 0.0835668 0)
(-0.129913 0.0566473 0)
(-0.129933 0.0294052 0)
(-0.130576 0.00181502 0)
(-0.131869 -0.02616 0)
(-0.133778 -0.0545515 0)
(-0.136199 -0.083367 0)
(-0.138957 -0.112568 0)
(-0.141795 -0.142046 0)
(-0.144373 -0.171584 0)
(-0.14626 -0.200826 0)
(-0.146942 -0.229221 0)
(-0.145835 -0.255978 0)
(-0.142314 -0.280006 0)
(-0.135772 -0.299868 0)
(-0.125706 -0.313752 0)
(-0.111836 -0.319475 0)
(-0.0942715 -0.314563 0)
(-0.0736826 -0.296406 0)
(-0.0514265 -0.262539 0)
(-0.0296153 -0.211003 0)
(-0.0115966 -0.140777 0)
(-0.00202954 -0.0523017 0)
(-0.00193601 0.0521251 0)
(-0.0108504 0.138871 0)
(-0.0272798 0.206373 0)
(-0.0466277 0.254965 0)
(-0.0657409 0.286455 0)
(-0.0827937 0.303353 0)
(-0.0967327 0.308377 0)
(-0.107136 0.304123 0)
(-0.114058 0.292876 0)
(-0.117856 0.276539 0)
(-0.119047 0.25662 0)
(-0.118211 0.234274 0)
(-0.115929 0.210349 0)
(-0.112742 0.185449 0)
(-0.10913 0.159979 0)
(-0.105508 0.134191 0)
(-0.102223 0.108223 0)
(-0.0995537 0.0821249 0)
(-0.097718 0.0558846 0)
(-0.0968731 0.0294455 0)
(-0.0971186 0.00272261 0)
(-0.0984952 -0.0243823 0)
(-0.100982 -0.0519666 0)
(-0.104492 -0.0801097 0)
(-0.10886 -0.108853 0)
(-0.11384 -0.138175 0)
(-0.119085 -0.167957 0)
(-0.124142 -0.197939 0)
(-0.128442 -0.227667 0)
(-0.131308 -0.256425 0)
(-0.131967 -0.28316 0)
(-0.129603 -0.3064 0)
(-0.12344 -0.324186 0)
(-0.112881 -0.334038 0)
(-0.0977068 -0.332986 0)
(-0.0783242 -0.317726 0)
(-0.0559839 -0.284924 0)
(-0.0329597 -0.231697 0)
(-0.0131936 -0.156241 0)
(-0.00237817 -0.0586489 0)
(-0.00234651 0.0581435 0)
(-0.012671 0.153228 0)
(-0.0309847 0.225051 0)
(-0.051528 0.274491 0)
(-0.0705564 0.304326 0)
(-0.0861466 0.318062 0)
(-0.0974085 0.319254 0)
(-0.104212 0.311114 0)
(-0.106939 0.296324 0)
(-0.10625 0.277005 0)
(-0.102911 0.254758 0)
(-0.0976938 0.230745 0)
(-0.0913118 0.205773 0)
(-0.0843942 0.180378 0)
(-0.0774764 0.154886 0)
(-0.0710024 0.129475 0)
(-0.0653323 0.104205 0)
(-0.0607516 0.0790611 0)
(-0.0574799 0.0539666 0)
(-0.0556777 0.0288064 0)
(-0.0554508 0.00343819 0)
(-0.0568516 -0.0222948 0)
(-0.0598762 -0.0485527 0)
(-0.0644594 -0.0754852 0)
(-0.0704641 -0.103215 0)
(-0.0776676 -0.131815 0)
(-0.0857446 -0.161275 0)
(-0.0942475 -0.191458 0)
(-0.102588 -0.222041 0)
(-0.110022 -0.252437 0)
(-0.115654 -0.281692 0)
(-0.11846 -0.308374 0)
(-0.117366 -0.330451 0)
(-0.111383 -0.345191 0)
(-0.0998389 -0.349121 0)
(-0.0827122 -0.338132 0)
(-0.0609712 -0.307785 0)
(-0.0369376 -0.253908 0)
(-0.0152146 -0.173483 0)
(-0.00284694 -0.0659461 0)
(-0.00294405 0.0652916 0)
(-0.015141 0.169616 0)
(-0.0356854 0.245358 0)
(-0.0572568 0.294412 0)
(-0.075472 0.321057 0)
(-0.0884708 0.330188 0)
(-0.0957312 0.326409 0)
(-0.0975917 0.31362 0)
(-0.0948863 0.294886 0)
(-0.0886465 0.272488 0)
(-0.0799152 0.248047 0)
(-0.0696482 0.222662 0)
(-0.058672 0.197041 0)
(-0.0476744 0.171608 0)
(-0.0372129 0.146584 0)
(-0.0277312 0.122045 0)
(-0.019577 0.0979716 0)
(-0.0130193 0.0742729 0)
(-0.00826244 0.0508118 0)
(-0.00545723 0.027418 0)
(-0.00470749 0.00389856 0)
(-0.00607324 -0.0199543 0)
(-0.00956941 -0.0443554 0)
(-0.01516 -0.0695177 0)
(-0.0227473 -0.0956398 0)
(-0.0321555 -0.122888 0)
(-0.0431088 -0.151368 0)
(-0.055203 -0.181084 0)
(-0.0678743 -0.211876 0)
(-0.0803664 -0.243338 0)
(-0.0917053 -0.274696 0)
(-0.100696 -0.304656 0)
(-0.105964 -0.331229 0)
(-0.106072 -0.351532 0)
(-0.0997675 -0.361644 0)
(-0.0863795 -0.356582 0)
(-0.0663219 -0.330552 0)
(-0.0417258 -0.277602 0)
(-0.0178528 -0.192844 0)
(-0.00350705 -0.0744825 0)
(-0.00385135 0.0740259 0)
(-0.0185741 0.188569 0)
(-0.0416622 0.26733 0)
(-0.063749 0.314107 0)
(-0.0798894 0.335498 0)
(-0.0886138 0.338282 0)
(-0.0900881 0.328323 0)
(-0.0853486 0.310222 0)
(-0.0758093 0.287342 0)
(-0.0629212 0.262006 0)
(-0.0479955 0.23574 0)
(-0.0321363 0.209489 0)
(-0.0162329 0.183791 0)
(-0.000980677 0.158914 0)
(0.0130879 0.134942 0)
(0.0255702 0.111839 0)
(0.0361641 0.0894947 0)
(0.0446437 0.0677486 0)
(0.0508399 0.0464072 0)
(0.0546267 0.0252543 0)
(0.0559121 0.00405738 0)
(0.0546335 -0.0174294 0)
(0.0507578 -0.039462 0)
(0.0442861 -0.0623027 0)
(0.0352649 -0.086214 0)
(0.0238025 -0.111446 0)
(0.0100944 -0.138218 0)
(-0.00554272 -0.166679 0)
(-0.0226275 -0.19686 0)
(-0.0404612 -0.228581 0)
(-0.058073 -0.261329 0)
(-0.0741723 -0.294073 0)
(-0.0871364 -0.325024 0)
(-0.0950729 -0.351332 0)
(-0.0960323 -0.368778 0)
(-0.0884433 -0.371538 0)
(-0.0717694 -0.352242 0)
(-0.0475099 -0.302562 0)
(-0.0214054 -0.214745 0)
(-0.00448431 -0.0847013 0)
(-0.00528705 0.0850671 0)
(-0.0234421 0.210736 0)
(-0.0491617 0.290722 0)
(-0.0705609 0.332379 0)
(-0.0825055 0.34583 0)
(-0.084511 0.340311 0)
(-0.0778845 0.323063 0)
(-0.0646145 0.299276 0)
(-0.0467878 0.272412 0)
(-0.0262629 0.244643 0)
(-0.00455261 0.217242 0)
(0.0171765 0.190888 0)
(0.0380574 0.16588 0)
(0.0574628 0.142286 0)
(0.0749471 0.120034 0)
(0.0901974 0.0989715 0)
(0.102995 0.0789015 0)
(0.113184 0.059601 0)
(0.120652 0.0408329 0)
(0.125312 0.02235 0)
(0.127095 0.00389595 0)
(0.125941 -0.0147957 0)
(0.121802 -0.0340037 0)
(0.114641 -0.05402 0)
(0.104445 -0.0751505 0)
(0.0912383 -0.0977103 0)
(0.0751071 -0.122013 0)
(0.0562367 -0.148348 0)
(0.0349616 -0.176938 0)
(0.011834 -0.207865 0)
(-0.012291 -0.240945 0)
(-0.0361584 -0.275538 0)
(-0.0580251 -0.310255 0)
(-0.0756235 -0.342549 0)
(-0.0862726 -0.368197 0)
(-0.0872614 -0.380752 0)
(-0.0765905 -0.371194 0)
(-0.0543882 -0.328177 0)
(-0.0263158 -0.239657 0)
(-0.00600284 -0.097306 0)
(-0.00763528 0.0995729 0)
(-0.0304075 0.236765 0)
(-0.0581547 0.314613 0)
(-0.0763557 0.347019 0)
(-0.0806741 0.349263 0)
(-0.0725715 0.333525 0)
(-0.0550431 0.308305 0)
(-0.0312242 0.279037 0)
(-0.00385222 0.248934 0)
(0.0249339 0.219737 0)
(0.0535765 0.192282 0)
(0.080995 0.16687 0)
(0.106468 0.143503 0)
(0.129532 0.122027 0)
(0.149899 0.102211 0)
(0.167397 0.0837966 0)
(0.181924 0.0665141 0)
(0.193422 0.0500974 0)
(0.20185 0.0342846 0)
(0.207173 0.0188165 0)
(0.209354 0.00343325 0)
(0.208342 -0.0121318 0)
(0.204077 -0.0281576 0)
(0.196487 -0.0449418 0)
(0.185496 -0.0628065 0)
(0.171035 -0.0821023 0)
(0.153062 -0.103208 0)
(0.131593 -0.126521 0)
(0.106757 -0.152438 0)
(0.0788649 -0.181299 0)
(0.048517 -0.213292 0)
(0.0167473 -0.248271 0)
(-0.0148044 -0.285459 0)
(-0.0437184 -0.322951 0)
(-0.0667145 -0.356995 0)
(-0.0798335 -0.381026 0)
(-0.0790709 -0.384642 0)
(-0.0620862 -0.353015 0)
(-0.0331849 -0.267952 0)
(-0.00845185 -0.113427 0)
(-0.0115134 0.119367 0)
(-0.0401935 0.266935 0)
(-0.0676337 0.336669 0)
(-0.0778097 0.354175 0)
(-0.0692749 0.341724 0)
(-0.0467465 0.314469 0)
(-0.0153565 0.281554 0)
(0.0206607 0.247982 0)
(0.058179 0.216197 0)
(0.0950844 0.187187 0)
(0.130044 0.161171 0)
(0.162273 0.137996 0)
(0.191345 0.117348 0)
(0.217062 0.0988631 0)
(0.239359 0.0821786 0)
(0.258245 0.066956 0)
(0.273762 0.0528852 0)
(0.285961 0.0396832 0)
(0.294883 0.0270881 0)
(0.300553 0.0148519 0)
(0.302966 0.00273256 0)
(0.302089 -0.0095145 0)
(0.297854 -0.0221453 0)
(0.290161 -0.0354367 0)
(0.278877 -0.0496964 0)
(0.263841 -0.0652735 0)
(0.244879 -0.0825679 0)
(0.221824 -0.102038 0)
(0.194554 -0.124197 0)
(0.16306 -0.149601 0)
(0.127551 -0.178786 0)
(0.0886189 -0.212146 0)
(0.0474813 -0.249671 0)
(0.00630434 -0.29046 0)
(-0.0314491 -0.331855 0)
(-0.0608024 -0.368056 0)
(-0.0754315 -0.388168 0)
(-0.0691871 -0.374058 0)
(-0.0425763 -0.29945 0)
(-0.0124348 -0.134824 0)
(-0.0176325 0.14727 0)
(-0.0527467 0.30013 0)
(-0.0737216 0.351769 0)
(-0.0673888 0.347544 0)
(-0.0388444 0.31776 0)
(0.00272934 0.279364 0)
(0.0501898 0.240743 0)
(0.0987931 0.205429 0)
(0.145661 0.17449 0)
(0.189221 0.14788 0)
(0.228732 0.125114 0)
(0.263939 0.105594 0)
(0.294851 0.0887391 0)
(0.321613 0.0740363 0)
(0.344421 0.0610493 0)
(0.36348 0.0494114 0)
(0.378977 0.0388127 0)
(0.39107 0.0289873 0)
(0.399879 0.0197011 0)
(0.40548 0.0107404 0)
(0.407903 0.0019016 0)
(0.407134 -0.00701794 0)
(0.403104 -0.0162302 0)
(0.395694 -0.0259669 0)
(0.38473 -0.0364912 0)
(0.369979 -0.048112 0)
(0.351152 -0.0612 0)
(0.327912 -0.0762066 0)
(0.299887 -0.0936837 0)
(0.266714 -0.1143 0)
(0.228115 -0.13884 0)
(0.18404 -0.168162 0)
(0.134924 -0.203049 0)
(0.0821065 -0.243841 0)
(0.0284432 -0.289619 0)
(-0.0209167 -0.336571 0)
(-0.0577731 -0.375085 0)
(-0.0711948 -0.385377 0)
(-0.0540356 -0.33231 0)
(-0.0185627 -0.164158 0)
(-0.0256881 0.187863 0)
(-0.0642567 0.331391 0)
(-0.0651098 0.349383 0)
(-0.0291779 0.317295 0)
(0.0271714 0.270805 0)
(0.0906919 0.22503 0)
(0.153787 0.185275 0)
(0.212635 0.152428 0)
(0.265643 0.125755 0)
(0.312433 0.104131 0)
(0.353208 0.08648 0)
(0.388415 0.0719052 0)
(0.418562 0.0596995 0)
(0.444144 0.0493156 0)
(0.465597 0.0403306 0)
(0.483294 0.0324148 0)
(0.497536 0.025306 0)
(0.50856 0.01879 0)
(0.51654 0.0126856 0)
(0.52159 0.00683251 0)
(0.523767 0.00108168 0)
(0.52307 -0.00471364 0)
(0.51944 -0.0107065 0)
(0.512752 -0.0170656 0)
(0.502816 -0.0239862 0)
(0.48936 -0.0317039 0)
(0.472027 -0.0405119 0)
(0.450361 -0.0507856 0)
(0.423799 -0.0630135 0)
(0.39167 -0.0778385 0)
(0.353218 -0.096107 0)
(0.307672 -0.118916 0)
(0.254418 -0.147622 0)
(0.193369 -0.183724 0)
(0.125689 -0.228371 0)
(0.0550491 -0.280955 0)
(-0.0104748 -0.335806 0)
(-0.0561956 -0.375823 0)
(-0.0629364 -0.360538 0)
(-0.0261717 -0.205644 0)
(-0.0292796 0.244875 0)
(-0.0583648 0.345047 0)
(-0.0132859 0.310237 0)
(0.0679741 0.250607 0)
(0.155665 0.195527 0)
(0.237767 0.151435 0)
(0.310192 0.118049 0)
(0.372229 0.0931338 0)
(0.424674 0.0744147 0)
(0.468792 0.0601221 0)
(0.505841 0.0489879 0)
(0.53692 0.0401254 0)
(0.562933 0.0329159 0)
(0.584607 0.0269235 0)
(0.602517 0.0218353 0)
(0.617112 0.0174211 0)
(0.628739 0.0135062 0)
(0.637658 0.00995373 0)
(0.64406 0.00665161 0)
(0.648067 0.00350328 0)
(0.649746 0.000420626 0)
(0.649107 -0.00268211 0)
(0.646101 -0.00589418 0)
(0.64062 -0.00931459 0)
(0.632485 -0.0130596 0)
(0.621435 -0.0172727 0)
(0.607114 -0.022138 0)
(0.589043 -0.0279006 0)
(0.56659 -0.0348957 0)
(0.538934 -0.0435942 0)
(0.505017 -0.0546709 0)
(0.463507 -0.0691062 0)
(0.412797 -0.0883285 0)
(0.351122 -0.114378 0)
(0.27703 -0.149966 0)
(0.190549 -0.19795 0)
(0.0953664 -0.259138 0)
(0.00381617 -0.326518 0)
(-0.0519072 -0.367159 0)
(-0.0279402 -0.2616 0)
(0.0106871 0.285103 0)
(0.0248944 0.298992 0)
(0.148334 0.213881 0)
(0.278996 0.145885 0)
(0.384823 0.100359 0)
(0.468026 0.0706106 0)
(0.533524 0.0512179 0)
(0.585242 0.0383389 0)
(0.62643 0.0294931 0)
(0.659588 0.0231802 0)
(0.686536 0.0185042 0)
(0.708581 0.01492 0)
(0.726674 0.0120866 0)
(0.741515 0.00978284 0)
(0.753621 0.00786045 0)
(0.763377 0.00621574 0)
(0.771072 0.00477335 0)
(0.776916 0.00347612 0)
(0.781059 0.00227849 0)
(0.783602 0.00114211 0)
(0.784598 3.25061e-05 0)
(0.78406 -0.00108355 0)
(0.781954 -0.00224061 0)
(0.778205 -0.00347718 0)
(0.772681 -0.00483908 0)
(0.765188 -0.00638386 0)
(0.755454 -0.0081874 0)
(0.743099 -0.010354 0)
(0.727606 -0.0130326 0)
(0.70826 -0.0164448 0)
(0.684071 -0.0209329 0)
(0.653653 -0.0270468 0)
(0.615043 -0.0357016 0)
(0.565471 -0.0484612 0)
(0.501201 -0.0679949 0)
(0.417564 -0.0986271 0)
(0.308695 -0.146657 0)
(0.171242 -0.219392 0)
(0.0380646 -0.309628 0)
(0.0163877 -0.295045 0)
(0.301927 0.146464 0)
(0.400626 0.127376 0)
(0.56327 0.0753714 0)
(0.681056 0.0430416 0)
(0.751355 0.0253368 0)
(0.79643 0.0155956 0)
(0.827698 0.0101497 0)
(0.850356 0.00699981 0)
(0.867363 0.00507609 0)
(0.880514 0.0038252 0)
(0.890905 0.00296138 0)
(0.899232 0.00233252 0)
(0.905957 0.00185385 0)
(0.911401 0.00147556 0)
(0.91579 0.00116672 0)
(0.919288 0.000907007 0)
(0.922014 0.000682358 0)
(0.924055 0.000482481 0)
(0.925472 0.000299424 0)
(0.926305 0.000126637 0)
(0.926575 -4.16663e-05 0)
(0.926289 -0.00021102 0)
(0.925435 -0.000387181 0)
(0.923981 -0.000576614 0)
(0.921878 -0.000787128 0)
(0.919049 -0.00102876 0)
(0.915385 -0.00131512 0)
(0.910731 -0.00166563 0)
(0.904869 -0.00210946 0)
(0.897492 -0.00269283 0)
(0.888148 -0.00349339 0)
(0.876156 -0.00464982 0)
(0.860444 -0.00642451 0)
(0.839232 -0.00933667 0)
(0.809527 -0.0144301 0)
(0.765999 -0.0237637 0)
(0.696972 -0.0412888 0)
(0.578705 -0.0742044 0)
(0.411206 -0.128007 0)
(0.306639 -0.148266 0)
)
;

boundaryField
{
    movingWall
    {
        type            fixedValue;
        value           uniform (1 0 0);
    }
    fixedWalls
    {
        type            noSlip;
    }
    frontAndBack
    {
        type            empty;
    }
}


// ************************************************************************* //
