0	0
0	0
0	0
0	0
0	0
0	0
10.7053981041062	7.58940346069086
10.7053981041062	7.5893930817214
10.7053981041062	7.5893930817214
10.7053981041062	7.58940346069086
10.7053981041062	7.5893930817214
10.7053981041062	7.5893930817214
21.4107962082123	10.8373047533878
21.4107962082123	10.8373047533878
21.4107962082123	10.8373047533878
21.4107962082123	10.8373047533878
21.4107962082123	10.8373047533878
21.4107962082123	10.8373047533878
32.1161943123185	12.4568391482301
32.1161943123185	12.4568391482301
32.1161943123185	12.4568391482301
32.1161943123185	12.4568391482301
32.1161943123185	12.4568391482301
32.1161943123185	12.4568391482301
42.8215924164246	13.4935944077841
42.8215924164246	13.4935944077841
42.8215924164246	13.4935944077841
42.8215924164246	13.4935944077841
42.8215924164246	13.4935944077841
42.8215924164246	13.4935944077841
53.5270868692101	14.2500137021709
53.5270868692101	14.2500137021709
53.5270868692101	14.2500137021709
53.5270868692101	14.2500137021709
53.5270868692101	14.2500137021709
53.5270868692101	14.2500137021709
64.2324849733163	14.8431718069213
64.2324849733163	14.8431718069213
64.2324849733163	14.8431718069213
64.2324849733163	14.8431718069213
64.2324849733163	14.8431718069213
64.2324849733163	14.8431718069213
74.9378830774224	15.3301530540759
74.9378830774224	15.3301530540759
74.9378830774224	15.3301530540759
74.9378830774224	15.3301530540759
74.9378830774224	15.3301530540759
74.9378830774224	15.3301530540759
85.6432811815286	15.7427170901883
85.6432811815286	15.7427170901883
85.6432811815286	15.7427170901883
85.6432811815286	15.7427170901883
85.6432811815286	15.7427170901883
85.6432811815286	15.7427170901883
96.3486792856347	16.100376377847
96.3486792856347	16.100376377847
96.3486792856347	16.100376377847
96.3486792856347	16.100376377847
96.3486792856347	16.100376377847
96.3486792856347	16.100376377847
107.053981041062	16.415689470101
107.053981041062	16.415689470101
107.053981041062	16.415689470101
107.053981041062	16.415689470101
107.053981041062	16.415689470101
107.053981041062	16.415689470101
117.759282796488	16.6974784909929
117.759282796488	16.6974784909929
117.759282796488	16.6974784909929
117.759282796488	16.6974784909929
117.759282796488	16.6974784909929
117.759282796488	16.6974784909929
128.464584551915	16.9520746118945
128.464584551915	16.9520746118945
128.464584551915	16.9520746118945
128.464584551915	16.9520746118945
128.464584551915	16.9520746118945
128.464584551915	16.9520746118945
139.169886307342	17.1839407896744
139.169886307342	17.1839407896744
139.169886307342	17.1839407896744
139.169886307342	17.1839407896744
139.169886307342	17.1839407896744
139.169886307342	17.1839407896744
149.876151549562	17.3966058739497
149.876151549562	17.3966058739497
149.876151549562	17.3966058739497
149.876151549562	17.3966058739497
149.876151549562	17.3966058739497
149.876151549562	17.3966058739497
160.581453304989	17.5928721864752
160.581453304989	17.5928721864752
160.581453304989	17.5927683967805
160.581453304989	17.5928721864752
160.581453304989	17.5928721864752
160.581453304989	17.5927683967805
171.286755060416	17.7748155211431
171.286755060416	17.7748155211431
171.286755060416	17.7747117314485
171.286755060416	17.7748155211431
171.286755060416	17.7748155211431
171.286755060416	17.7747117314485
181.992056815843	17.9442003027621
181.992056815843	17.9442003027621
181.992056815843	17.9442003027621
181.992056815843	17.9442003027621
181.992056815843	17.9442003027621
181.992056815843	17.9442003027621
192.697358571269	18.1025833767514
192.697358571269	18.1025833767514
192.697358571269	18.1025833767514
192.697358571269	18.1025833767514
192.697358571269	18.1025833767514
192.697358571269	18.1025833767514
203.402660326696	18.2510026400573
203.402660326696	18.2508988503627
203.402660326696	18.2508988503627
203.402660326696	18.2510026400573
203.402660326696	18.2508988503627
203.402660326696	18.2508988503627
214.107962082123	18.3903921999313
214.107962082123	18.3903921999313
214.107962082123	18.3902884102366
214.107962082123	18.3903921999313
214.107962082123	18.3903921999313
214.107962082123	18.3902884102366
224.81326383755	18.5216861636249
224.81326383755	18.5216861636249
224.81326383755	18.5216861636249
224.81326383755	18.5216861636249
224.81326383755	18.5216861636249
224.81326383755	18.5216861636249
235.518565592977	18.6456110590006
235.518565592977	18.6456110590006
235.518565592977	18.6456110590006
235.518565592977	18.6456110590006
235.518565592977	18.6456110590006
235.518565592977	18.6456110590006
246.224830835197	18.762789624226
246.224830835197	18.7626858345313
246.224830835197	18.7626858345313
246.224830835197	18.762789624226
246.224830835197	18.7626858345313
246.224830835197	18.7626858345313
256.930132590624	18.8735332283849
256.930132590624	18.8735332283849
256.930132590624	18.8735332283849
256.930132590624	18.8735332283849
256.930132590624	18.8735332283849
256.930132590624	18.8735332283849
267.63543434605	18.9786721890345
267.63543434605	18.9786721890345
267.63543434605	18.9786721890345
267.63543434605	18.9786721890345
267.63543434605	18.9786721890345
267.63543434605	18.9786721890345
278.340736101477	19.0784140855638
278.340736101477	19.0784140855638
278.340736101477	19.0784140855638
278.340736101477	19.0784140855638
278.340736101477	19.0784140855638
278.340736101477	19.0784140855638
289.046037856904	19.1731740767514
289.046037856904	19.1730702870568
289.046037856904	19.1730702870568
289.046037856904	19.1731740767514
289.046037856904	19.1730702870568
289.046037856904	19.1730702870568
299.751339612331	19.2631597419865
299.751339612331	19.2631597419865
299.751339612331	19.2631597419865
299.751339612331	19.2631597419865
299.751339612331	19.2631597419865
299.751339612331	19.2631597419865
310.456641367758	19.3487862400476
310.456641367758	19.3487862400476
310.456641367758	19.3487862400476
310.456641367758	19.3487862400476
310.456641367758	19.3487862400476
310.456641367758	19.3487862400476
321.161943123185	19.4302611503238
321.161943123185	19.4302611503238
321.161943123185	19.4302611503238
321.161943123185	19.4302611503238
321.161943123185	19.4302611503238
321.161943123185	19.4302611503238
331.867244878612	19.5078958418992
331.867244878612	19.5078958418992
331.867244878612	19.5077920522046
331.867244878612	19.5078958418992
331.867244878612	19.5078958418992
331.867244878612	19.5077920522046
342.573510120831	19.5817941044683
342.573510120831	19.5817941044683
342.573510120831	19.5817941044683
342.573510120831	19.5817941044683
342.573510120831	19.5817941044683
342.573510120831	19.5817941044683
353.278811876258	19.6522673071149
353.278811876258	19.6522673071149
353.278811876258	19.6522673071149
353.278811876258	19.6522673071149
353.278811876258	19.6522673071149
353.278811876258	19.6522673071149
363.984113631685	19.7194192395337
363.984113631685	19.7194192395337
363.984113631685	19.7194192395337
363.984113631685	19.7194192395337
363.984113631685	19.7194192395337
363.984113631685	19.7194192395337
374.689415387112	19.7835612708086
374.689415387112	19.7834574811139
374.689415387112	19.7834574811139
374.689415387112	19.7835612708086
374.689415387112	19.7834574811139
374.689415387112	19.7834574811139
385.394717142539	19.8445896112448
385.394717142539	19.8445896112448
385.394717142539	19.8444858215502
385.394717142539	19.8445896112448
385.394717142539	19.8445896112448
385.394717142539	19.8444858215502
396.100018897966	19.9028156299263
396.100018897966	19.9028156299263
396.100018897966	19.9028156299263
396.100018897966	19.9028156299263
396.100018897966	19.9028156299263
396.100018897966	19.9028156299263
406.805320653393	19.9584469062424
406.805320653393	19.9584469062424
406.805320653393	19.9584469062424
406.805320653393	19.9584469062424
406.805320653393	19.9584469062424
406.805320653393	19.9584469062424
417.51062240882	20.0113796504983
417.51062240882	20.0113796504983
417.51062240882	20.0113796504983
417.51062240882	20.0113796504983
417.51062240882	20.0113796504983
417.51062240882	20.0113796504983
428.215924164246	20.061925231778
428.215924164246	20.061925231778
428.215924164246	20.061925231778
428.215924164246	20.061925231778
428.215924164246	20.061925231778
428.215924164246	20.061925231778
438.922189406466	20.1100836500814
438.922189406466	20.1100836500814
438.922189406466	20.1100836500814
438.922189406466	20.1100836500814
438.922189406466	20.1100836500814
438.922189406466	20.1100836500814
449.627491161893	20.1560624847979
449.627491161893	20.1560624847979
449.627491161893	20.1560624847979
449.627491161893	20.1560624847979
449.627491161893	20.1560624847979
449.627491161893	20.1560624847979
460.33279291732	20.1999655256219
460.33279291732	20.1999655256219
460.33279291732	20.1999655256219
460.33279291732	20.1999655256219
460.33279291732	20.1999655256219
460.33279291732	20.1999655256219
471.038094672747	20.2417927725536
471.038094672747	20.2417927725536
471.038094672747	20.2417927725536
471.038094672747	20.2417927725536
471.038094672747	20.2417927725536
471.038094672747	20.2417927725536
481.743396428174	20.2816480152874
481.743396428174	20.2816480152874
481.743396428174	20.2816480152874
481.743396428174	20.2816480152874
481.743396428174	20.2816480152874
481.743396428174	20.2816480152874
492.448698183601	20.3196350435182
492.448698183601	20.3196350435182
492.448698183601	20.3196350435182
492.448698183601	20.3196350435182
492.448698183601	20.3196350435182
492.448698183601	20.3196350435182
503.153999939027	20.355961436635
503.153999939027	20.355961436635
503.153999939027	20.355961436635
503.153999939027	20.355961436635
503.153999939027	20.355961436635
503.153999939027	20.355961436635
513.859301694454	20.3904196152487
513.859301694454	20.3904196152487
513.859301694454	20.3904196152487
513.859301694454	20.3904196152487
513.859301694454	20.3904196152487
513.859301694454	20.3904196152487
524.564603449881	20.423320948443
524.564603449881	20.423320948443
524.564603449881	20.423320948443
524.564603449881	20.423320948443
524.564603449881	20.423320948443
524.564603449881	20.423320948443
535.270868692101	20.4545616465235
535.270868692101	20.4545616465235
535.270868692101	20.4546654362181
535.270868692101	20.4545616465235
535.270868692101	20.4545616465235
535.270868692101	20.4546654362181
545.976170447528	20.4843492888793
545.976170447528	20.4843492888793
545.976170447528	20.4844530785739
545.976170447528	20.4843492888793
545.976170447528	20.4843492888793
545.976170447528	20.4844530785739
556.681472202955	20.5126838755104
556.681472202955	20.512787665205
556.681472202955	20.512787665205
556.681472202955	20.5126838755104
556.681472202955	20.512787665205
556.681472202955	20.512787665205
567.386773958382	20.5397729858061
567.386773958382	20.5397729858061
567.386773958382	20.5397729858061
567.386773958382	20.5397729858061
567.386773958382	20.5397729858061
567.386773958382	20.5397729858061
578.092075713808	20.5654090403771
578.092075713808	20.5654090403771
578.092075713808	20.5654090403771
578.092075713808	20.5654090403771
578.092075713808	20.5654090403771
578.092075713808	20.5654090403771
588.797377469235	20.5896958289181
588.797377469235	20.5896958289181
588.797377469235	20.5897996186127
588.797377469235	20.5896958289181
588.797377469235	20.5896958289181
588.797377469235	20.5897996186127
599.502679224662	20.6128409308182
599.502679224662	20.6128409308182
599.502679224662	20.6129447205128
599.502679224662	20.6128409308182
599.502679224662	20.6128409308182
599.502679224662	20.6129447205128
610.207980980089	20.6348443460775
610.207980980089	20.6348443460775
610.207980980089	20.6348443460775
610.207980980089	20.6348443460775
610.207980980089	20.6348443460775
610.207980980089	20.6348443460775
620.913282735516	20.6556022850014
620.913282735516	20.6556022850014
620.913282735516	20.6556022850014
620.913282735516	20.6556022850014
620.913282735516	20.6556022850014
620.913282735516	20.6556022850014
631.619547977735	20.6753223269791
631.619547977735	20.6753223269791
631.619547977735	20.6753223269791
631.619547977735	20.6753223269791
631.619547977735	20.6753223269791
631.619547977735	20.6753223269791
642.324849733162	20.6940044720106
642.324849733162	20.6940044720106
642.324849733162	20.6940044720106
642.324849733162	20.6940044720106
642.324849733162	20.6940044720106
642.324849733162	20.6940044720106
653.030151488589	20.7117525097906
653.030151488589	20.7117525097906
653.030151488589	20.7117525097906
653.030151488589	20.7117525097906
653.030151488589	20.7117525097906
653.030151488589	20.7117525097906
663.735453244016	20.7284626506243
663.735453244016	20.7284626506243
663.735453244016	20.7284626506243
663.735453244016	20.7284626506243
663.735453244016	20.7284626506243
663.735453244016	20.7284626506243
674.440754999443	20.7443424739011
674.440754999443	20.7443424739011
674.440754999443	20.7443424739011
674.440754999443	20.7443424739011
674.440754999443	20.7443424739011
674.440754999443	20.7443424739011
685.14605675487	20.7590806105371
685.14605675487	20.7591844002317
685.14605675487	20.7591844002317
685.14605675487	20.7590806105371
685.14605675487	20.7591844002317
685.14605675487	20.7591844002317
695.851358510297	20.7730922193107
695.851358510297	20.7731960090053
695.851358510297	20.7731960090053
695.851358510297	20.7730922193107
695.851358510297	20.7731960090053
695.851358510297	20.7731960090053
706.556660265724	20.786377300222
706.556660265724	20.786377300222
706.556660265724	20.7864810899166
706.556660265724	20.786377300222
706.556660265724	20.786377300222
706.556660265724	20.7864810899166
717.261962021151	20.7987282738817
717.261962021151	20.7987282738817
717.261962021151	20.7987282738817
717.261962021151	20.7987282738817
717.261962021151	20.7987282738817
717.261962021151	20.7987282738817
727.96822726337	20.8103527196791
727.96822726337	20.8103527196791
727.96822726337	20.8103527196791
727.96822726337	20.8103527196791
727.96822726337	20.8103527196791
727.96822726337	20.8103527196791
738.673529018797	20.8211468479195
738.673529018797	20.8211468479195
738.673529018797	20.8211468479195
738.673529018797	20.8211468479195
738.673529018797	20.8211468479195
738.673529018797	20.8211468479195
749.378830774224	20.8312144482976
749.378830774224	20.8313182379922
749.378830774224	20.8313182379922
749.378830774224	20.8312144482976
749.378830774224	20.8313182379922
749.378830774224	20.8313182379922
760.084132529651	20.840659310508
760.084132529651	20.840659310508
760.084132529651	20.8407631002026
760.084132529651	20.840659310508
760.084132529651	20.840659310508
760.084132529651	20.8407631002026
770.789434285078	20.849377644856
770.789434285078	20.849377644856
770.789434285078	20.849377644856
770.789434285078	20.849377644856
770.789434285078	20.849377644856
770.789434285078	20.849377644856
781.494736040505	20.8573694513417
781.494736040505	20.8573694513417
781.494736040505	20.8573694513417
781.494736040505	20.8573694513417
781.494736040505	20.8573694513417
781.494736040505	20.8573694513417
792.200037795932	20.8647385196597
792.200037795932	20.8647385196597
792.200037795932	20.8647385196597
792.200037795932	20.8647385196597
792.200037795932	20.8647385196597
792.200037795932	20.8647385196597
802.905339551358	20.8713810601153
802.905339551358	20.87148484981
802.905339551358	20.87148484981
802.905339551358	20.8713810601153
802.905339551358	20.87148484981
802.905339551358	20.87148484981
813.610641306785	20.8775046520979
813.610641306785	20.8775046520979
813.610641306785	20.8776084417925
813.610641306785	20.8775046520979
813.610641306785	20.8775046520979
813.610641306785	20.8776084417925
824.316906549005	20.8830055059127
824.316906549005	20.8830055059127
824.316906549005	20.8830055059127
824.316906549005	20.8830055059127
824.316906549005	20.8830055059127
824.316906549005	20.8830055059127
835.022208304432	20.8879874112545
835.022208304432	20.8879874112545
835.022208304432	20.8879874112545
835.022208304432	20.8879874112545
835.022208304432	20.8879874112545
835.022208304432	20.8879874112545
845.727510059859	20.8922427887339
845.727510059859	20.8922427887339
845.727510059859	20.8922427887339
845.727510059859	20.8922427887339
845.727510059859	20.8922427887339
845.727510059859	20.8922427887339
856.432811815286	20.8959792177402
856.432811815286	20.8959792177402
856.432811815286	20.8959792177402
856.432811815286	20.8959792177402
856.432811815286	20.8959792177402
856.432811815286	20.8959792177402
867.138113570713	20.8991966982734
867.138113570713	20.8991966982734
867.138113570713	20.8991966982734
867.138113570713	20.8991966982734
867.138113570713	20.8991966982734
867.138113570713	20.8991966982734
877.843415326139	20.9016876509442
877.843415326139	20.9017914406388
877.843415326139	20.9017914406388
877.843415326139	20.9016876509442
877.843415326139	20.9017914406388
877.843415326139	20.9017914406388
888.548717081566	20.9037634448366
888.548717081566	20.9038672345312
888.548717081566	20.9038672345312
888.548717081566	20.9037634448366
888.548717081566	20.9038672345312
888.548717081566	20.9038672345312
899.254018836993	20.9053202902559
899.254018836993	20.9053202902559
899.254018836993	20.9054240799505
899.254018836993	20.9053202902559
899.254018836993	20.9053202902559
899.254018836993	20.9054240799505
909.95932059242	20.9063581872021
909.95932059242	20.9063581872021
909.95932059242	20.9064619768967
909.95932059242	20.9063581872021
909.95932059242	20.9063581872021
909.95932059242	20.9064619768967
920.66558583464	20.9067733459806
920.66558583464	20.9067733459806
920.66558583464	20.9068771356752
920.66558583464	20.9067733459806
920.66558583464	20.9067733459806
920.66558583464	20.9068771356752
931.370887590067	20.906669556286
931.370887590067	20.9067733459806
931.370887590067	20.9067733459806
931.370887590067	20.906669556286
931.370887590067	20.9067733459806
931.370887590067	20.9067733459806
942.076189345494	20.9061506078129
942.076189345494	20.9061506078129
942.076189345494	20.9061506078129
942.076189345494	20.9061506078129
942.076189345494	20.9061506078129
942.076189345494	20.9061506078129
952.781491100921	20.905008921172
952.781491100921	20.905008921172
952.781491100921	20.905008921172
952.781491100921	20.905008921172
952.781491100921	20.905008921172
952.781491100921	20.905008921172
963.486792856347	20.9042823933097
963.486792856347	20.9042823933097
963.486792856347	20.9042823933097
963.486792856347	20.9042823933097
963.486792856347	20.9042823933097
963.486792856347	20.9042823933097
