/*--------------------------------*- C++ -*----------------------------------*\
  =========                 |
  \\      /  F ield         | OpenFOAM: The Open Source CFD Toolbox
   \\    /   O peration     | Website:  https://openfoam.org
    \\  /    A nd           | Version:  7
     \\/     M anipulation  |
\*---------------------------------------------------------------------------*/
FoamFile
{
    version     2.0;
    format      ascii;
    class       surfaceScalarField;
    location    "0.08";
    object      phi;
}
// * * * * * * * * * * * * * * * * * * * * * * * * * * * * * * * * * * * * * //

dimensions      [0 3 -1 0 0 0 0];

internalField   nonuniform List<scalar> 
3120
(
2.46173e-09
-2.46148e-09
3.94244e-09
-1.48049e-09
2.10337e-09
1.83901e-09
-3.57286e-09
5.67609e-09
-1.28935e-08
9.32046e-09
-2.53649e-08
1.24714e-08
-4.0369e-08
1.50041e-08
-5.72523e-08
1.68832e-08
-7.53696e-08
1.81174e-08
-9.41063e-08
1.87366e-08
-1.12888e-07
1.8782e-08
-1.31189e-07
1.83003e-08
-1.4853e-07
1.73412e-08
-1.64485e-07
1.59557e-08
-1.78681e-07
1.41956e-08
-1.90794e-07
1.21126e-08
-2.00553e-07
9.75902e-09
-2.07741e-07
7.18777e-09
-2.12193e-07
4.45291e-09
-2.13803e-07
1.6098e-09
-2.12519e-07
-1.28391e-09
-2.08351e-07
-4.16861e-09
-2.01368e-07
-6.98275e-09
-1.91706e-07
-9.66229e-09
-1.79564e-07
-1.21413e-08
-1.65211e-07
-1.43531e-08
-1.48981e-07
-1.62302e-08
-1.31275e-07
-1.7706e-08
-1.12559e-07
-1.87164e-08
-9.33567e-08
-1.92019e-08
-7.42476e-08
-1.91092e-08
-5.58535e-08
-1.8394e-08
-3.88291e-08
-1.70243e-08
-2.3843e-08
-1.49861e-08
-1.15499e-08
-1.22932e-08
-2.54199e-09
-9.00794e-09
2.74376e-09
-5.28571e-09
4.20627e-09
-1.46251e-09
2.48633e-09
1.71985e-09
2.48633e-09
1.56798e-09
-4.02954e-09
-1.1669e-09
1.25403e-09
-1.1445e-08
1.21175e-08
-3.02632e-08
2.44943e-08
-5.74077e-08
3.64651e-08
-9.1957e-08
4.70208e-08
-1.32603e-07
5.56503e-08
-1.77857e-07
6.21369e-08
-2.26172e-07
6.64323e-08
-2.76021e-07
6.85857e-08
-3.25943e-07
6.87037e-08
-3.7457e-07
6.69275e-08
-4.20648e-07
6.34193e-08
-4.63046e-07
5.83538e-08
-5.00764e-07
5.19135e-08
-5.32937e-07
4.42859e-08
-5.58841e-07
3.56627e-08
-5.77893e-07
2.62401e-08
-5.89659e-07
1.62193e-08
-5.93857e-07
5.80727e-09
-5.90358e-07
-4.78249e-09
-5.79198e-07
-1.53289e-08
-5.60577e-07
-2.56041e-08
-5.34865e-07
-3.53739e-08
-5.02607e-07
-4.43989e-08
-4.64523e-07
-5.24374e-08
-4.21504e-07
-5.92489e-08
-3.74611e-07
-6.45993e-08
-3.25061e-07
-6.82668e-08
-2.74213e-07
-7.00498e-08
-2.23547e-07
-6.97755e-08
-1.74628e-07
-6.73122e-08
-1.29069e-07
-6.25839e-08
-8.84615e-08
-5.55935e-08
-5.42943e-08
-4.64604e-08
-2.78161e-08
-3.54862e-08
-9.82774e-09
-2.32742e-08
-3.66016e-10
-1.09244e-08
1.77863e-09
-4.24779e-10
4.26501e-09
-1.60847e-09
-2.42121e-09
-1.1747e-08
1.13927e-08
-3.30737e-08
3.34442e-08
-6.63998e-08
5.78204e-08
-1.11306e-07
8.13714e-08
-1.66537e-07
1.02252e-07
-2.30313e-07
1.19426e-07
-3.00565e-07
1.32389e-07
-3.75098e-07
1.40966e-07
-4.51707e-07
1.45194e-07
-5.28247e-07
1.45244e-07
-6.02691e-07
1.41372e-07
-6.73164e-07
1.33892e-07
-7.37962e-07
1.23152e-07
-7.95573e-07
1.09525e-07
-8.44688e-07
9.34001e-08
-8.84205e-07
7.51798e-08
-9.13243e-07
5.52783e-08
-9.31145e-07
3.41214e-08
-9.37486e-07
1.21484e-08
-9.32081e-07
-1.0188e-08
-9.14989e-07
-3.24207e-08
-8.86524e-07
-5.40693e-08
-8.47256e-07
-7.46414e-08
-7.98018e-07
-9.36368e-08
-7.39902e-07
-1.10553e-07
-6.74256e-07
-1.24895e-07
-6.02672e-07
-1.36183e-07
-5.2697e-07
-1.43969e-07
-4.49166e-07
-1.47853e-07
-3.7144e-07
-1.47502e-07
-2.96075e-07
-1.42677e-07
-2.25392e-07
-1.33268e-07
-1.61648e-07
-1.19337e-07
-1.06913e-07
-1.01195e-07
-6.2893e-08
-7.95066e-08
-3.06888e-08
-5.54785e-08
-1.04959e-08
-3.11173e-08
-1.23831e-09
-9.6822e-09
3.02666e-09
-5.3869e-09
2.9658e-09
-2.41922e-08
3.01976e-08
-5.78299e-08
6.70821e-08
-1.06455e-07
1.06446e-07
-1.69191e-07
1.44106e-07
-2.44372e-07
1.77433e-07
-3.29794e-07
2.04849e-07
-4.22921e-07
2.25515e-07
-5.21054e-07
2.39098e-07
-6.21458e-07
2.45598e-07
-7.21458e-07
2.45245e-07
-8.18508e-07
2.38422e-07
-9.10234e-07
2.25618e-07
-9.94475e-07
2.07393e-07
-1.0693e-06
1.84355e-07
-1.13305e-06
1.57146e-07
-1.18431e-06
1.26436e-07
-1.22195e-06
9.29174e-08
-1.24513e-06
5.73056e-08
-1.25332e-06
2.03374e-08
-1.24628e-06
-1.72273e-08
-1.22409e-06
-5.46054e-08
-1.18717e-06
-9.09935e-08
-1.13624e-06
-1.25571e-07
-1.07237e-06
-1.57506e-07
-9.96959e-07
-1.85967e-07
-9.11715e-07
-2.10139e-07
-8.18662e-07
-2.29237e-07
-7.20097e-07
-2.42534e-07
-6.1856e-07
-2.4939e-07
-5.16778e-07
-2.49284e-07
-4.17597e-07
-2.41858e-07
-3.2389e-07
-2.26975e-07
-2.3844e-07
-2.04788e-07
-1.63793e-07
-1.75841e-07
-1.0208e-07
-1.4122e-07
-5.47922e-08
-1.02766e-07
-2.25515e-08
-6.33579e-08
-4.8792e-09
-2.73544e-08
-1.85259e-09
-9.16583e-09
1.21318e-08
-3.69704e-08
5.80022e-08
-8.33779e-08
1.1349e-07
-1.47619e-07
1.70687e-07
-2.28162e-07
2.24649e-07
-3.2283e-07
2.72101e-07
-4.28964e-07
3.10983e-07
-5.43593e-07
3.40144e-07
-6.63582e-07
3.59088e-07
-7.85762e-07
3.67778e-07
-9.07025e-07
3.66508e-07
-1.0244e-06
3.55801e-07
-1.13513e-06
3.36344e-07
-1.23667e-06
3.08934e-07
-1.32677e-06
2.74452e-07
-1.40346e-06
2.33834e-07
-1.46508e-06
1.88063e-07
-1.51032e-06
1.38158e-07
-1.53819e-06
8.51734e-08
-1.54805e-06
3.0198e-08
-1.53963e-06
-2.56467e-08
-1.51303e-06
-8.12066e-08
-1.46873e-06
-1.35298e-07
-1.40758e-06
-1.86716e-07
-1.33085e-06
-2.34241e-07
-1.24016e-06
-2.76657e-07
-1.13752e-06
-3.12776e-07
-1.0253e-06
-3.4146e-07
-9.06169e-07
-3.61661e-07
-7.83098e-07
-3.72461e-07
-6.59257e-07
-3.73125e-07
-5.37952e-07
-3.63162e-07
-4.22524e-07
-3.42404e-07
-3.16215e-07
-3.11096e-07
-2.22029e-07
-2.70027e-07
-1.42556e-07
-2.20693e-07
-7.97957e-08
-1.65527e-07
-3.49936e-08
-1.0816e-07
-8.53743e-09
-5.38105e-08
-1.039e-08
-1.27472e-08
2.48789e-08
-4.94314e-08
9.46863e-08
-1.08603e-07
1.72661e-07
-1.88458e-07
2.50541e-07
-2.86687e-07
3.22879e-07
-4.00506e-07
3.8592e-07
-5.2675e-07
4.37226e-07
-6.62e-07
4.75394e-07
-8.0271e-07
4.99798e-07
-9.45322e-07
5.10389e-07
-1.08636e-06
5.07543e-07
-1.2225e-06
4.91943e-07
-1.35065e-06
4.64496e-07
-1.46798e-06
4.26267e-07
-1.57197e-06
3.78436e-07
-1.6604e-06
3.2227e-07
-1.73144e-06
2.591e-07
-1.78359e-06
1.9031e-07
-1.81575e-06
1.17335e-07
-1.82721e-06
4.16555e-08
-1.81766e-06
-3.52026e-08
-1.78719e-06
-1.1167e-07
-1.73635e-06
-1.86141e-07
-1.66609e-06
-2.56977e-07
-1.5778e-06
-3.22529e-07
-1.47331e-06
-3.81151e-07
-1.35485e-06
-4.31236e-07
-1.22506e-06
-4.71252e-07
-1.08693e-06
-4.99789e-07
-9.43775e-07
-5.15616e-07
-7.99145e-07
-5.17755e-07
-6.56753e-07
-5.05554e-07
-5.20365e-07
-4.78792e-07
-3.93673e-07
-4.37788e-07
-2.80156e-07
-3.83543e-07
-1.8293e-07
-3.17919e-07
-1.04605e-07
-2.43852e-07
-4.71779e-08
-1.65587e-07
-1.20144e-08
-8.8974e-08
-2.24042e-08
-1.60967e-08
4.09756e-08
-6.13687e-08
1.39958e-07
-1.33082e-07
2.44374e-07
-2.28383e-07
3.45842e-07
-3.44121e-07
4.38617e-07
-4.76832e-07
5.18631e-07
-6.22792e-07
5.83186e-07
-7.78109e-07
6.30711e-07
-9.3882e-07
6.6051e-07
-1.101e-06
6.72565e-07
-1.26082e-06
6.6737e-07
-1.41468e-06
6.458e-07
-1.55919e-06
6.09008e-07
-1.69128e-06
5.58358e-07
-1.80821e-06
4.9536e-07
-1.90758e-06
4.21638e-07
-1.98738e-06
3.389e-07
-2.04599e-06
2.48928e-07
-2.08223e-06
1.53567e-07
-2.09529e-06
5.47199e-08
-2.08484e-06
-4.56507e-08
-2.05098e-06
-1.45528e-07
-1.99428e-06
-2.42848e-07
-1.91574e-06
-3.35509e-07
-1.81688e-06
-4.21388e-07
-1.69966e-06
-4.98377e-07
-1.56649e-06
-5.64409e-07
-1.42022e-06
-6.17518e-07
-1.26412e-06
-6.5589e-07
-1.10179e-06
-6.77945e-07
-9.37128e-07
-6.82417e-07
-7.74224e-07
-6.68458e-07
-6.17264e-07
-6.35752e-07
-4.70405e-07
-5.84647e-07
-3.37645e-07
-5.16304e-07
-2.22689e-07
-4.32875e-07
-1.28838e-07
-3.37703e-07
-5.8914e-08
-2.3551e-07
-1.52773e-08
-1.32611e-07
-3.76815e-08
-1.9246e-08
6.02215e-08
-7.2799e-08
1.93511e-07
-1.56777e-07
3.28353e-07
-2.67307e-07
4.56371e-07
-4.00371e-07
5.71681e-07
-5.5178e-07
6.7004e-07
-7.17206e-07
7.48613e-07
-8.9225e-07
8.05754e-07
-1.07252e-06
8.40779e-07
-1.25372e-06
8.53761e-07
-1.4317e-06
8.4536e-07
-1.60259e-06
8.16684e-07
-1.76276e-06
7.69175e-07
-1.90892e-06
7.0452e-07
-2.03815e-06
6.24592e-07
-2.14791e-06
5.31398e-07
-2.23606e-06
4.2705e-07
-2.30088e-06
3.1375e-07
-2.34109e-06
1.93773e-07
-2.35584e-06
6.94709e-08
-2.34475e-06
-5.67373e-08
-2.30792e-06
-1.82364e-07
-2.2459e-06
-3.04862e-07
-2.15978e-06
-4.21636e-07
-2.0511e-06
-5.30067e-07
-1.92193e-06
-6.27544e-07
-1.77483e-06
-7.11508e-07
-1.61283e-06
-7.79515e-07
-1.43942e-06
-8.29308e-07
-1.25845e-06
-8.58906e-07
-1.07416e-06
-8.66708e-07
-8.91006e-07
-8.51615e-07
-7.136e-07
-8.13158e-07
-5.46598e-07
-7.5165e-07
-3.94563e-07
-6.68338e-07
-2.61855e-07
-5.65583e-07
-1.52522e-07
-4.47037e-07
-7.02477e-08
-3.17785e-07
-1.83655e-08
-1.84493e-07
-5.60471e-08
-2.22497e-08
8.24711e-08
-8.38362e-08
2.55098e-07
-1.79841e-07
4.24357e-07
-3.05411e-07
5.81942e-07
-4.55657e-07
7.21927e-07
-6.25637e-07
8.4002e-07
-8.10383e-07
9.33359e-07
-1.00496e-06
1.00033e-06
-1.20452e-06
1.04034e-06
-1.4044e-06
1.05364e-06
-1.60015e-06
1.04111e-06
-1.78762e-06
1.00415e-06
-1.96297e-06
9.44525e-07
-2.12274e-06
8.64291e-07
-2.26386e-06
7.65711e-07
-2.38366e-06
6.51201e-07
-2.47991e-06
5.23298e-07
-2.5508e-06
3.84641e-07
-2.59498e-06
2.37953e-07
-2.61155e-06
8.60455e-08
-2.6001e-06
-6.81905e-08
-2.56068e-06
-2.21782e-07
-2.49386e-06
-3.71683e-07
-2.40071e-06
-5.14786e-07
-2.28283e-06
-6.47948e-07
-2.14234e-06
-7.68029e-07
-1.98191e-06
-8.71941e-07
-1.8047e-06
-9.56722e-07
-1.61439e-06
-1.01962e-06
-1.4151e-06
-1.0582e-06
-1.21135e-06
-1.07046e-06
-1.00798e-06
-1.05498e-06
-8.1007e-07
-1.01107e-06
-6.2279e-07
-9.38929e-07
-4.51328e-07
-8.398e-07
-3.00747e-07
-7.16164e-07
-1.75893e-07
-5.7189e-07
-8.1333e-08
-4.12345e-07
-2.13442e-08
-2.44481e-07
-7.73913e-08
-2.51649e-08
1.07636e-07
-9.4627e-08
3.2456e-07
-2.02506e-07
5.32236e-07
-3.43001e-07
7.22437e-07
-5.10352e-07
8.89278e-07
-6.98843e-07
1.02851e-06
-9.0284e-07
1.13736e-06
-1.11684e-06
1.21433e-06
-1.33555e-06
1.25905e-06
-1.55389e-06
1.27199e-06
-1.76713e-06
1.25435e-06
-1.97086e-06
1.20788e-06
-2.16106e-06
1.13472e-06
-2.33411e-06
1.03734e-06
-2.48682e-06
9.18418e-07
-2.61642e-06
7.80807e-07
-2.72061e-06
6.27488e-07
-2.79752e-06
4.61548e-07
-2.84574e-06
2.86169e-07
-2.86432e-06
1.04625e-07
-2.85279e-06
-7.9713e-08
-2.81119e-06
-2.63383e-07
-2.74005e-06
-4.42829e-07
-2.64041e-06
-6.14421e-07
-2.51389e-06
-7.74472e-07
-2.36263e-06
-9.19287e-07
-2.18936e-06
-1.04521e-06
-1.99735e-06
-1.14873e-06
-1.79045e-06
-1.22652e-06
-1.573e-06
-1.27565e-06
-1.34982e-06
-1.29363e-06
-1.12615e-06
-1.27865e-06
-9.07528e-07
-1.2297e-06
-6.99706e-07
-1.14675e-06
-5.08533e-07
-1.03097e-06
-3.3983e-07
-8.84867e-07
-1.99284e-07
-7.12435e-07
-9.2366e-08
-5.19263e-07
-2.42843e-08
-3.12563e-07
-1.01676e-07
-2.80447e-08
1.35681e-07
-1.05321e-07
4.01837e-07
-2.25024e-07
6.51939e-07
-3.80424e-07
8.77837e-07
-5.64881e-07
1.07374e-06
-7.7189e-07
1.23552e-06
-9.95125e-07
1.36059e-06
-1.2285e-06
1.44771e-06
-1.46624e-06
1.49678e-06
-1.70288e-06
1.50863e-06
-1.93339e-06
1.48486e-06
-2.15312e-06
1.42761e-06
-2.35787e-06
1.33948e-06
-2.54391e-06
1.22338e-06
-2.70795e-06
1.08246e-06
-2.84716e-06
9.20018e-07
-2.95918e-06
7.39503e-07
-3.04208e-06
5.44455e-07
-3.09443e-06
3.38516e-07
-3.11523e-06
1.25424e-07
-3.10397e-06
-9.0978e-08
-3.06061e-06
-3.06738e-07
-2.98565e-06
-5.17794e-07
-2.88008e-06
-7.19983e-07
-2.74549e-06
-9.09066e-07
-2.58401e-06
-1.08077e-06
-2.39839e-06
-1.23083e-06
-2.19199e-06
-1.35513e-06
-1.96876e-06
-1.44975e-06
-1.73328e-06
-1.51113e-06
-1.49065e-06
-1.53626e-06
-1.24651e-06
-1.5228e-06
-1.00688e-06
-1.46932e-06
-7.78144e-07
-1.37549e-06
-5.66848e-07
-1.24227e-06
-3.79628e-07
-1.07209e-06
-2.23061e-07
-8.69002e-07
-1.03553e-07
-6.38771e-07
-2.7255e-08
-3.88861e-07
-1.28931e-07
-3.09353e-08
1.66616e-07
-1.16058e-07
4.8696e-07
-2.47643e-07
7.83524e-07
-4.18022e-07
1.04822e-06
-6.19666e-07
1.27538e-06
-8.45253e-07
1.46111e-06
-1.08775e-06
1.60309e-06
-1.34046e-06
1.70042e-06
-1.59711e-06
1.75343e-06
-1.85187e-06
1.76339e-06
-2.09939e-06
1.73237e-06
-2.33481e-06
1.66303e-06
-2.5538e-06
1.55846e-06
-2.75251e-06
1.42209e-06
-2.92759e-06
1.25754e-06
-3.07618e-06
1.06861e-06
-3.19588e-06
8.59207e-07
-3.28477e-06
6.33339e-07
-3.34135e-06
3.95097e-07
-3.3646e-06
1.48674e-07
-3.35395e-06
-1.01626e-07
-3.30931e-06
-3.51374e-07
-3.23109e-06
-5.96012e-07
-3.12023e-06
-8.30846e-07
-2.97822e-06
-1.05108e-06
-2.80715e-06
-1.25183e-06
-2.60976e-06
-1.42823e-06
-2.38942e-06
-1.57547e-06
-2.15021e-06
-1.68896e-06
-1.89686e-06
-1.76448e-06
-1.63478e-06
-1.79834e-06
-1.36997e-06
-1.7876e-06
-1.10901e-06
-1.73028e-06
-8.58898e-07
-1.62561e-06
-6.26952e-07
-1.47422e-06
-4.20675e-07
-1.27836e-06
-2.47591e-07
-1.04209e-06
-1.15095e-07
-7.71267e-07
-3.03209e-08
-4.73635e-07
-1.59252e-07
-3.38764e-08
2.00493e-07
-1.26963e-07
5.80047e-07
-2.70585e-07
9.27146e-07
-4.56112e-07
1.23374e-06
-6.75089e-07
1.49436e-06
-9.19353e-07
1.70537e-06
-1.18113e-06
1.86486e-06
-1.45311e-06
1.9724e-06
-1.72851e-06
2.02883e-06
-2.00112e-06
2.036e-06
-2.2653e-06
1.99655e-06
-2.51601e-06
1.91374e-06
-2.74878e-06
1.79124e-06
-2.95972e-06
1.63303e-06
-3.14545e-06
1.44327e-06
-3.3031e-06
1.22626e-06
-3.43029e-06
9.86391e-07
-3.52507e-06
7.28122e-07
-3.58596e-06
4.55987e-07
-3.6119e-06
1.74611e-07
-3.60226e-06
-1.11264e-07
-3.55688e-06
-3.96756e-07
-3.47606e-06
-6.76826e-07
-3.36064e-06
-9.46269e-07
-3.21199e-06
-1.19972e-06
-3.03212e-06
-1.4317e-06
-2.82369e-06
-1.63667e-06
-2.59005e-06
-1.80911e-06
-2.33532e-06
-1.94369e-06
-2.06439e-06
-2.03541e-06
-1.78293e-06
-2.0798e-06
-1.49734e-06
-2.07319e-06
-1.21471e-06
-2.01291e-06
-9.42714e-07
-1.8976e-06
-6.89495e-07
-1.72743e-06
-4.63485e-07
-1.50437e-06
-2.73228e-07
-1.23234e-06
-1.27184e-07
-9.1731e-07
-3.35415e-08
-5.67278e-07
-1.92793e-07
-3.69032e-08
2.37396e-07
-1.38147e-07
6.8129e-07
-2.94053e-07
1.08305e-06
-4.94973e-07
1.43466e-06
-7.31483e-07
1.73087e-06
-9.94537e-07
1.96842e-06
-1.27559e-06
2.14591e-06
-1.56669e-06
2.26351e-06
-1.86056e-06
2.3227e-06
-2.1506e-06
2.32604e-06
-2.43092e-06
2.27687e-06
-2.69632e-06
2.17914e-06
-2.94226e-06
2.03718e-06
-3.1648e-06
1.85557e-06
-3.36061e-06
1.63907e-06
-3.52684e-06
1.3925e-06
-3.66117e-06
1.12072e-06
-3.76168e-06
8.28634e-07
-3.8269e-06
5.21203e-07
-3.85574e-06
2.03453e-07
-3.84753e-06
-1.19472e-07
-3.80201e-06
-4.42274e-07
-3.71938e-06
-7.59465e-07
-3.6003e-06
-1.06535e-06
-3.446e-06
-1.35402e-06
-3.25833e-06
-1.61937e-06
-3.03981e-06
-1.85518e-06
-2.79373e-06
-2.05519e-06
-2.5242e-06
-2.21322e-06
-2.2362e-06
-2.32341e-06
-1.93561e-06
-2.38039e-06
-1.62921e-06
-2.37959e-06
-1.32463e-06
-2.3175e-06
-1.03025e-06
-2.19198e-06
-7.55073e-07
-2.00261e-06
-5.08539e-07
-1.75091e-06
-3.00305e-07
-1.44058e-06
-1.4e-07
-1.07762e-06
-3.69722e-08
-6.70305e-07
-2.29765e-07
-4.00465e-08
2.77442e-07
-1.4971e-07
7.90954e-07
-3.18225e-07
1.25157e-06
-5.34851e-07
1.65129e-06
-7.89126e-07
1.98514e-06
-1.07107e-06
2.25037e-06
-1.37132e-06
2.44617e-06
-1.68129e-06
2.57347e-06
-1.99317e-06
2.63458e-06
-2.30001e-06
2.63288e-06
-2.5957e-06
2.57257e-06
-2.87493e-06
2.45836e-06
-3.13311e-06
2.29536e-06
-3.36637e-06
2.08883e-06
-3.57143e-06
1.84413e-06
-3.74555e-06
1.56662e-06
-3.88649e-06
1.26165e-06
-3.99241e-06
9.34558e-07
-4.06188e-06
5.9067e-07
-4.09381e-06
2.35381e-07
-4.08747e-06
-1.25809e-07
-4.04251e-06
-4.87236e-07
-3.95896e-06
-8.43012e-07
-3.83732e-06
-1.18699e-06
-3.6786e-06
-1.51274e-06
-3.48442e-06
-1.81355e-06
-3.25711e-06
-2.0825e-06
-2.99978e-06
-2.31251e-06
-2.71648e-06
-2.49653e-06
-2.41219e-06
-2.62769e-06
-2.09298e-06
-2.6996e-06
-1.76596e-06
-2.70661e-06
-1.43929e-06
-2.64417e-06
-1.12206e-06
-2.50921e-06
-8.24214e-07
-2.30046e-06
-5.56279e-07
-2.01884e-06
-3.29136e-07
-1.66772e-06
-1.53713e-07
-1.25304e-06
-4.06654e-08
-7.83353e-07
-2.70431e-07
-4.33359e-08
3.20778e-07
-1.61747e-07
9.09365e-07
-3.43269e-07
1.43309e-06
-5.75966e-07
1.88399e-06
-8.48249e-07
2.25742e-06
-1.14913e-06
2.55124e-06
-1.4684e-06
2.76544e-06
-1.79677e-06
2.90185e-06
-2.12597e-06
2.96378e-06
-2.4487e-06
2.95561e-06
-2.75867e-06
2.88253e-06
-3.0505e-06
2.75019e-06
-3.31966e-06
2.56453e-06
-3.56238e-06
2.33155e-06
-3.77553e-06
2.05728e-06
-3.95654e-06
1.74763e-06
-4.1033e-06
1.40842e-06
-4.21412e-06
1.04538e-06
-4.28763e-06
6.64174e-07
-4.32276e-06
2.7051e-07
-4.31874e-06
-1.29825e-07
-4.27511e-06
-5.30867e-07
-4.19173e-06
-9.26393e-07
-4.06886e-06
-1.30986e-06
-3.90724e-06
-1.67435e-06
-3.7082e-06
-2.01259e-06
-3.47377e-06
-2.31693e-06
-3.20682e-06
-2.57946e-06
-2.91119e-06
-2.79216e-06
-2.59182e-06
-2.94706e-06
-2.25486e-06
-3.03657e-06
-1.90769e-06
-3.05378e-06
-1.55898e-06
-2.99288e-06
-1.21857e-06
-2.84961e-06
-8.97374e-07
-2.62166e-06
-6.07107e-07
-2.30911e-06
-3.60014e-07
-1.91482e-06
-1.68487e-07
-1.44457e-06
-4.46727e-08
-9.07167e-07
-3.15104e-07
-4.68011e-08
3.67579e-07
-1.74352e-07
1.03692e-06
-3.6935e-07
1.62809e-06
-6.18525e-07
2.13316e-06
-9.09046e-07
2.54794e-06
-1.22883e-06
2.87102e-06
-1.56676e-06
3.10337e-06
-1.91286e-06
3.24795e-06
-2.25835e-06
3.30927e-06
-2.59566e-06
3.29293e-06
-2.91837e-06
3.20525e-06
-3.22114e-06
3.05296e-06
-3.49956e-06
2.84294e-06
-3.75004e-06
2.58204e-06
-3.9697e-06
2.27694e-06
-4.15622e-06
1.93414e-06
-4.30771e-06
1.55991e-06
-4.42265e-06
1.16031e-06
-4.49979e-06
7.41321e-07
-4.53814e-06
3.08857e-07
-4.53688e-06
-1.31081e-07
-4.49544e-06
-5.7231e-07
-4.41348e-06
-1.00836e-06
-4.29098e-06
-1.43236e-06
-4.12834e-06
-1.83699e-06
-3.92651e-06
-2.21442e-06
-3.68712e-06
-2.55632e-06
-3.41267e-06
-2.85391e-06
-3.10671e-06
-3.09812e-06
-2.77397e-06
-3.27979e-06
-2.4206e-06
-3.38994e-06
-2.05416e-06
-3.42021e-06
-1.68379e-06
-3.36326e-06
-1.32007e-06
-3.21334e-06
-9.74925e-07
-2.9668e-06
-6.61389e-07
-2.62265e-06
-3.93221e-07
-2.18298e-06
-1.84483e-07
-1.6533e-06
-4.90453e-08
-1.04261e-06
-3.64149e-07
-5.04759e-08
4.18055e-07
-1.87632e-07
1.17407e-06
-3.96646e-07
1.8371e-06
-6.62741e-07
2.39926e-06
-9.71693e-07
2.8569e-06
-1.31021e-06
3.20954e-06
-1.66623e-06
3.45938e-06
-2.02903e-06
3.61076e-06
-2.38939e-06
3.66963e-06
-2.7395e-06
3.64303e-06
-3.0729e-06
3.53865e-06
-3.38437e-06
3.36443e-06
-3.66975e-06
3.12831e-06
-3.92575e-06
2.83804e-06
-4.14984e-06
2.50103e-06
-4.34002e-06
2.12432e-06
-4.49472e-06
1.71461e-06
-4.61269e-06
1.27828e-06
-4.69285e-06
8.21486e-07
-4.7343e-06
3.503e-07
-4.73621e-06
-1.29169e-07
-4.69789e-06
-6.10633e-07
-4.61877e-06
-1.08747e-06
-4.49853e-06
-1.5526e-06
-4.33715e-06
-1.99837e-06
-4.13509e-06
-2.41648e-06
-3.89347e-06
-2.79793e-06
-3.61429e-06
-3.13309e-06
-3.30063e-06
-3.41179e-06
-2.9569e-06
-3.62352e-06
-2.58906e-06
-3.75779e-06
-2.20478e-06
-3.80449e-06
-1.81355e-06
-3.75449e-06
-1.42667e-06
-3.60021e-06
-1.05716e-06
-3.33631e-06
-7.19458e-07
-2.96035e-06
-4.29034e-07
-2.47341e-06
-2.01868e-07
-1.88047e-06
-5.3837e-08
-1.19064e-06
-4.17986e-07
-5.44012e-08
4.72456e-07
-2.01713e-07
1.32138e-06
-4.25366e-07
2.06075e-06
-7.08853e-07
2.68274e-06
-1.03637e-06
3.18442e-06
-1.3933e-06
3.56647e-06
-1.76651e-06
3.83259e-06
-2.14459e-06
3.98883e-06
-2.51787e-06
4.0429e-06
-2.87838e-06
4.00355e-06
-3.21976e-06
3.88003e-06
-3.53703e-06
3.6817e-06
-3.82639e-06
3.41767e-06
-4.08501e-06
3.09666e-06
-4.31082e-06
2.72683e-06
-4.50227e-06
2.31578e-06
-4.65822e-06
1.87056e-06
-4.77774e-06
1.3978e-06
-4.86001e-06
9.03757e-07
-4.90426e-06
3.94544e-07
-4.90968e-06
-1.23747e-07
-4.87547e-06
-6.44844e-07
-4.80082e-06
-1.16211e-06
-4.68504e-06
-1.66839e-06
-4.52762e-06
-2.15579e-06
-4.32844e-06
-2.61565e-06
-4.08799e-06
-3.03839e-06
-3.80757e-06
-3.4135e-06
-3.48965e-06
-3.72971e-06
-3.13809e-06
-3.97508e-06
-2.75851e-06
-4.13737e-06
-2.35848e-06
-4.20451e-06
-1.94777e-06
-4.16521e-06
-1.53833e-06
-4.00965e-06
-1.14428e-06
-3.73035e-06
-7.81619e-07
-3.32301e-06
-4.67732e-07
-2.78729e-06
-2.20816e-07
-2.12739e-06
-5.91072e-08
-1.35234e-06
-4.77093e-07
-5.86303e-08
5.31086e-07
-2.1676e-07
1.47951e-06
-4.55776e-07
2.29977e-06
-7.5716e-07
2.98413e-06
-1.1033e-06
3.53056e-06
-1.47806e-06
3.94124e-06
-1.86721e-06
4.22174e-06
-2.2586e-06
4.38022e-06
-2.64218e-06
4.42649e-06
-3.00998e-06
4.37135e-06
-3.35583e-06
4.22588e-06
-3.67517e-06
4.00104e-06
-3.96474e-06
3.70724e-06
-4.22232e-06
3.35424e-06
-4.44643e-06
2.95094e-06
-4.63613e-06
2.50549e-06
-4.7908e-06
2.02524e-06
-4.90995e-06
1.51694e-06
-4.99307e-06
9.86883e-07
-5.0396e-06
4.41065e-07
-5.04877e-06
-1.1457e-07
-5.0197e-06
-6.73921e-07
-4.95131e-06
-1.2305e-06
-4.84251e-06
-1.77719e-06
-4.69223e-06
-2.30607e-06
-4.49967e-06
-2.80822e-06
-4.2645e-06
-3.27355e-06
-3.9872e-06
-3.69081e-06
-3.66937e-06
-4.04755e-06
-3.31411e-06
-4.33033e-06
-2.92646e-06
-4.52503e-06
-2.51368e-06
-4.61729e-06
-2.0856e-06
-4.59328e-06
-1.65477e-06
-4.44048e-06
-1.23641e-06
-4.14872e-06
-8.48162e-07
-3.71126e-06
-5.09613e-07
-3.12584e-06
-2.41524e-07
-2.39548e-06
-6.49247e-08
-1.52894e-06
-5.42018e-07
-6.32356e-08
5.94322e-07
-2.32991e-07
1.64927e-06
-4.88229e-07
2.55501e-06
-8.08051e-07
3.30395e-06
-1.17274e-06
3.89524e-06
-1.56446e-06
4.33296e-06
-1.96779e-06
4.62507e-06
-2.36984e-06
4.78227e-06
-2.76033e-06
4.81698e-06
-3.13138e-06
4.7424e-06
-3.47725e-06
4.57175e-06
-3.79398e-06
4.31777e-06
-4.07905e-06
3.99232e-06
-4.33102e-06
3.60621e-06
-4.54922e-06
3.16914e-06
-4.73344e-06
2.6897e-06
-4.88369e-06
2.17549e-06
-5.00002e-06
1.63328e-06
-5.08236e-06
1.06922e-06
-5.13036e-06
4.89071e-07
-5.1434e-06
-1.01532e-07
-5.12049e-06
-6.96835e-07
-5.06031e-06
-1.29067e-06
-4.96132e-06
-1.87618e-06
-4.82184e-06
-2.44556e-06
-4.64026e-06
-2.9898e-06
-4.41532e-06
-3.49849e-06
-4.14645e-06
-3.95968e-06
-3.83414e-06
-4.35985e-06
-3.48046e-06
-4.684e-06
-3.08956e-06
-4.91593e-06
-2.6681e-06
-5.03875e-06
-2.22576e-06
-5.03563e-06
-1.77547e-06
-4.89077e-06
-1.33353e-06
-4.59066e-06
-9.19364e-07
-4.12543e-06
-5.55007e-07
-3.4902e-06
-2.64223e-07
-2.68626e-06
-7.13717e-08
-1.72179e-06
-6.1339e-07
-6.83165e-08
6.62638e-07
-2.50704e-07
1.83166e-06
-5.232e-07
2.8275e-06
-8.62047e-07
3.6428e-06
-1.24504e-06
4.27823e-06
-1.65245e-06
4.74037e-06
-2.06753e-06
5.04015e-06
-2.47677e-06
5.1915e-06
-2.86975e-06
5.20997e-06
-3.23894e-06
5.11159e-06
-3.57924e-06
4.91205e-06
-3.88757e-06
4.62609e-06
-4.16237e-06
4.26711e-06
-4.40321e-06
3.84705e-06
-4.61038e-06
3.37632e-06
-4.78458e-06
2.8639e-06
-4.92659e-06
2.3175e-06
-5.03712e-06
1.74381e-06
-5.11658e-06
1.14867e-06
-5.16497e-06
5.37457e-07
-5.18179e-06
-8.47095e-08
-5.16602e-06
-7.126e-07
-5.11612e-06
-1.34057e-06
-5.03007e-06
-1.96223e-06
-4.90551e-06
-2.57012e-06
-4.73995e-06
-3.15535e-06
-4.53105e-06
-3.7074e-06
-4.27695e-06
-4.21378e-06
-3.97682e-06
-4.65999e-06
-3.63134e-06
-5.02948e-06
-3.2434e-06
-5.30387e-06
-2.8187e-06
-5.46345e-06
-2.36641e-06
-5.48792e-06
-1.89961e-06
-5.35757e-06
-1.43554e-06
-5.05473e-06
-9.95505e-07
-4.56546e-06
-6.04298e-07
-3.88141e-06
-2.89194e-07
-3.00136e-06
-7.85516e-08
-1.93244e-06
-6.91941e-07
-7.4012e-08
7.3665e-07
-2.70313e-07
2.02796e-06
-5.61337e-07
3.11853e-06
-9.19839e-07
4.0013e-06
-1.32067e-06
4.67907e-06
-1.74193e-06
5.16162e-06
-2.16552e-06
5.46375e-06
-2.57739e-06
5.60336e-06
-2.96723e-06
5.59981e-06
-3.32813e-06
5.47249e-06
-3.65596e-06
5.23989e-06
-3.94881e-06
4.91893e-06
-4.20637e-06
4.52468e-06
-4.42946e-06
4.07014e-06
-4.61954e-06
3.5664e-06
-4.77835e-06
3.02271e-06
-4.90761e-06
2.44676e-06
-5.00875e-06
1.84495e-06
-5.08278e-06
1.2227e-06
-5.13009e-06
5.84765e-07
-5.15039e-06
-6.44039e-08
-5.14267e-06
-7.20319e-07
-5.10517e-06
-1.37808e-06
-5.0354e-06
-2.032e-06
-4.93033e-06
-2.67519e-06
-4.78649e-06
-3.29919e-06
-4.6003e-06
-3.89358e-06
-4.36847e-06
-4.4456e-06
-4.08851e-06
-4.93995e-06
-3.75937e-06
-5.35862e-06
-3.38224e-06
-5.681e-06
-2.96139e-06
-5.8843e-06
-2.505e-06
-5.94431e-06
-2.02592e-06
-5.83665e-06
-1.54215e-06
-5.5385e-06
-1.07687e-06
-5.03074e-06
-6.57953e-07
-4.30033e-06
-3.16798e-07
-3.34252e-06
-8.65996e-08
-2.16264e-06
-7.78541e-07
-8.0518e-08
8.17168e-07
-2.92388e-07
2.23983e-06
-6.03516e-07
3.42966e-06
-9.82343e-07
4.38012e-06
-1.4002e-06
5.09693e-06
-1.83272e-06
5.59414e-06
-2.26048e-06
5.8915e-06
-2.66904e-06
6.01193e-06
-3.04859e-06
5.97935e-06
-3.3932e-06
5.8171e-06
-3.70013e-06
5.54681e-06
-3.96899e-06
5.18779e-06
-4.20105e-06
4.75674e-06
-4.39864e-06
4.26772e-06
-4.56457e-06
3.73233e-06
-4.7018e-06
3.15994e-06
-4.81307e-06
2.55803e-06
-4.90067e-06
1.93255e-06
-4.96625e-06
1.28827e-06
-5.01066e-06
6.29173e-07
-5.03388e-06
-4.11801e-08
-5.03495e-06
-7.19243e-07
-5.01195e-06
-1.40109e-06
-4.96198e-06
-2.08197e-06
-4.88129e-06
-2.75587e-06
-4.76544e-06
-3.41505e-06
-4.60951e-06
-4.0495e-06
-4.40858e-06
-4.64654e-06
-4.15822e-06
-5.19032e-06
-3.85526e-06
-5.66158e-06
-3.49869e-06
-6.03757e-06
-3.09075e-06
-6.29224e-06
-2.63804e-06
-6.39701e-06
-2.15263e-06
-6.32206e-06
-1.65288e-06
-6.03826e-06
-1.16377e-06
-5.51985e-06
-7.16559e-07
-4.74753e-06
-3.47504e-07
-3.71157e-06
-9.56964e-08
-2.41444e-06
-8.74237e-07
-8.81115e-08
9.0528e-07
-3.17717e-07
2.46943e-06
-6.50918e-07
3.76286e-06
-1.05074e-06
4.77994e-06
-1.48427e-06
5.53047e-06
-1.92443e-06
6.03429e-06
-2.35052e-06
6.31759e-06
-2.74812e-06
6.40953e-06
-3.10834e-06
6.33957e-06
-3.42682e-06
6.13558e-06
-3.70267e-06
5.82266e-06
-3.93747e-06
5.4226e-06
-4.13442e-06
4.95369e-06
-4.29759e-06
4.43089e-06
-4.43137e-06
3.86611e-06
-4.54004e-06
3.26862e-06
-4.62747e-06
2.64546e-06
-4.69684e-06
2.00192e-06
-4.7505e-06
1.34193e-06
-4.78983e-06
6.68496e-07
-4.81511e-06
-1.58926e-08
-4.82552e-06
-7.08834e-07
-4.81902e-06
-1.40759e-06
-4.79237e-06
-2.10861e-06
-4.74119e-06
-2.80706e-06
-4.66004e-06
-3.4962e-06
-4.54266e-06
-4.16689e-06
-4.38234e-06
-4.80686e-06
-4.17248e-06
-5.40018e-06
-3.90738e-06
-5.92669e-06
-3.58328e-06
-6.36166e-06
-3.19968e-06
-6.67584e-06
-2.76082e-06
-6.83588e-06
-2.27719e-06
-6.80569e-06
-1.7669e-06
-6.54854e-06
-1.2565e-06
-6.03025e-06
-7.80867e-07
-5.22317e-06
-3.81945e-07
-4.1105e-06
-1.06091e-07
-2.6903e-06
-9.80328e-07
-9.71875e-08
1.00247e-06
-3.47396e-07
2.71964e-06
-7.05116e-07
4.12058e-06
-1.12649e-06
5.20131e-06
-1.57353e-06
5.97751e-06
-2.01619e-06
6.47696e-06
-2.43281e-06
6.73422e-06
-2.80955e-06
6.78627e-06
-3.13913e-06
6.66916e-06
-3.41946e-06
6.41591e-06
-3.65211e-06
6.05532e-06
-3.84115e-06
5.61163e-06
-3.99201e-06
5.10456e-06
-4.11079e-06
4.54967e-06
-4.20359e-06
3.9589e-06
-4.27609e-06
3.34112e-06
-4.33332e-06
2.70269e-06
-4.37938e-06
2.04798e-06
-4.41732e-06
1.37988e-06
-4.44907e-06
7.00238e-07
-4.47527e-06
1.03087e-08
-4.49527e-06
-6.88827e-07
-4.50705e-06
-1.39582e-06
-4.50711e-06
-2.10855e-06
-4.49055e-06
-2.82362e-06
-4.45105e-06
-3.53571e-06
-4.38102e-06
-4.23691e-06
-4.27196e-06
-4.91592e-06
-4.11489e-06
-5.55724e-06
-3.90123e-06
-6.14035e-06
-3.62389e-06
-6.63901e-06
-3.27881e-06
-7.02091e-06
-2.86686e-06
-7.24782e-06
-2.39592e-06
-7.27663e-06
-1.8829e-06
-7.06156e-06
-1.35534e-06
-6.55781e-06
-8.5185e-07
-5.72666e-06
-4.20992e-07
-4.54135e-06
-1.18136e-07
-2.99315e-06
-1.09846e-06
-1.08316e-07
1.11078e-06
-3.82941e-07
2.99427e-06
-7.68177e-07
4.50581e-06
-1.21133e-06
5.64446e-06
-1.66838e-06
6.43456e-06
-2.10627e-06
6.91485e-06
-2.50295e-06
7.13089e-06
-2.84604e-06
7.12936e-06
-3.13092e-06
6.95404e-06
-3.3586e-06
6.64359e-06
-3.53388e-06
6.2306e-06
-3.66378e-06
5.74154e-06
-3.75638e-06
5.19716e-06
-3.81994e-06
4.61323e-06
-3.86234e-06
4.0013e-06
-3.8907e-06
3.36948e-06
-3.91113e-06
2.72312e-06
-3.9286e-06
2.06545e-06
-3.94684e-06
1.39813e-06
-3.96829e-06
7.21684e-07
-3.99398e-06
3.60017e-08
-4.02352e-06
-6.59288e-07
-4.05497e-06
-1.36436e-06
-4.08478e-06
-2.07874e-06
-4.10768e-06
-2.80072e-06
-4.11665e-06
-3.52673e-06
-4.10299e-06
-4.25057e-06
-4.05644e-06
-4.96247e-06
-3.96563e-06
-5.64806e-06
-3.8188e-06
-6.28718e-06
-3.60499e-06
-6.85282e-06
-3.31572e-06
-7.31018e-06
-2.94729e-06
-7.61626e-06
-2.50352e-06
-7.7204e-06
-1.99874e-06
-7.56633e-06
-1.46045e-06
-7.0961e-06
-9.30764e-07
-6.25634e-06
-4.65854e-07
-5.00626e-06
-1.32342e-07
-3.32667e-06
-1.23081e-06
-1.22333e-07
1.23312e-06
-4.26468e-07
3.2984e-06
-8.42772e-07
4.92211e-06
-1.30715e-06
6.10884e-06
-1.76857e-06
6.89598e-06
-2.19128e-06
7.33756e-06
-2.55392e-06
7.49353e-06
-2.84697e-06
7.42241e-06
-3.06977e-06
7.17684e-06
-3.2276e-06
6.80141e-06
-3.32924e-06
6.33224e-06
-3.38521e-06
5.79751e-06
-3.40645e-06
5.2184e-06
-3.40349e-06
4.61027e-06
-3.38593e-06
3.98375e-06
-3.3622e-06
3.34575e-06
-3.33937e-06
2.70028e-06
-3.32312e-06
2.04921e-06
-3.31776e-06
1.39276e-06
-3.32614e-06
7.30067e-07
-3.34969e-06
5.95561e-08
-3.38833e-06
-6.20653e-07
-3.44034e-06
-1.31235e-06
-3.50229e-06
-2.01679e-06
-3.56883e-06
-2.73418e-06
-3.63256e-06
-3.463e-06
-3.68393e-06
-4.1992e-06
-3.71123e-06
-4.93517e-06
-3.70083e-06
-5.65845e-06
-3.63774e-06
-6.35027e-06
-3.50669e-06
-6.98388e-06
-3.2939e-06
-7.52296e-06
-2.98974e-06
-7.92042e-06
-2.59216e-06
-8.11799e-06
-2.11088e-06
-8.04761e-06
-1.57161e-06
-7.63537e-06
-1.01919e-06
-6.80876e-06
-5.18242e-07
-5.50722e-06
-1.4947e-07
-3.69544e-06
-1.38028e-06
-1.40496e-07
1.37361e-06
-4.80932e-07
3.63884e-06
-9.32243e-07
5.37343e-06
-1.41565e-06
6.59224e-06
-1.87234e-06
7.35268e-06
-2.2649e-06
7.73013e-06
-2.57453e-06
7.80316e-06
-2.79663e-06
7.64451e-06
-2.93625e-06
7.31646e-06
-3.00419e-06
6.86935e-06
-3.01407e-06
6.34213e-06
-2.9803e-06
5.76373e-06
-2.91676e-06
5.15487e-06
-2.83616e-06
4.52966e-06
-2.74959e-06
3.89718e-06
-2.66649e-06
3.26264e-06
-2.59461e-06
2.6284e-06
-2.54011e-06
1.99471e-06
-2.50764e-06
1.36029e-06
-2.50037e-06
7.22804e-07
-2.52006e-06
7.92466e-08
-2.56697e-06
-5.73751e-07
-2.63975e-06
-1.23957e-06
-2.73531e-06
-1.92123e-06
-2.84856e-06
-2.62093e-06
-2.97215e-06
-3.33941e-06
-3.09617e-06
-4.07518e-06
-3.20797e-06
-4.82337e-06
-3.29208e-06
-5.57435e-06
-3.33049e-06
-6.31186e-06
-3.30348e-06
-7.01089e-06
-3.19127e-06
-7.63517e-06
-2.97686e-06
-8.13483e-06
-2.65012e-06
-8.44472e-06
-2.2134e-06
-8.48434e-06
-1.6878e-06
-8.16097e-06
-1.11905e-06
-7.3775e-06
-5.80579e-07
-6.04569e-06
-1.70685e-07
-4.10533e-06
-1.55096e-06
-1.64742e-07
1.53835e-06
-5.50473e-07
4.02457e-06
-1.04055e-06
5.86351e-06
-1.53755e-06
7.08924e-06
-1.97487e-06
7.78999e-06
-2.31573e-06
8.07098e-06
-2.54697e-06
8.0344e-06
-2.67177e-06
7.76931e-06
-2.70306e-06
7.34775e-06
-2.65855e-06
6.82484e-06
-2.55734e-06
6.24092e-06
-2.41787e-06
5.62426e-06
-2.2568e-06
4.9938e-06
-2.08858e-06
4.36144e-06
-1.92535e-06
3.73396e-06
-1.77709e-06
3.11438e-06
-1.65177e-06
2.50309e-06
-1.55566e-06
1.89859e-06
-1.49345e-06
1.29808e-06
-1.46845e-06
6.97807e-07
-1.48263e-06
9.34212e-08
-1.53659e-06
-5.19791e-07
-1.6295e-06
-1.14666e-06
-1.75886e-06
-1.79186e-06
-1.92025e-06
-2.45954e-06
-2.10689e-06
-3.15278e-06
-2.3092e-06
-3.87287e-06
-2.51434e-06
-4.61822e-06
-2.7058e-06
-5.38289e-06
-2.8632e-06
-6.15446e-06
-2.9627e-06
-6.91139e-06
-2.97821e-06
-7.61965e-06
-2.88408e-06
-8.22896e-06
-2.65967e-06
-8.66913e-06
-2.29627e-06
-8.84774e-06
-1.80616e-06
-8.65109e-06
-1.23237e-06
-7.95129e-06
-6.56309e-07
-6.62175e-06
-1.97817e-07
-4.56382e-06
-1.74878e-06
-1.98144e-07
1.7365e-06
-6.40846e-07
4.46727e-06
-1.17186e-06
6.39452e-06
-1.6709e-06
7.58828e-06
-2.06539e-06
8.18448e-06
-2.32366e-06
8.32925e-06
-2.44298e-06
8.15372e-06
-2.43806e-06
7.76439e-06
-2.33212e-06
7.24181e-06
-2.15094e-06
6.64366e-06
-1.91937e-06
6.00935e-06
-1.65956e-06
5.36444e-06
-1.39029e-06
4.72453e-06
-1.12702e-06
4.09817e-06
-8.82147e-07
3.48908e-06
-6.65465e-07
2.89769e-06
-4.84598e-07
2.32222e-06
-3.45398e-07
1.75939e-06
-2.52252e-07
1.20493e-06
-2.08311e-07
6.53865e-07
-2.15609e-07
1.0072e-07
-2.75091e-07
-4.60309e-07
-3.86517e-07
-1.03524e-06
-5.4826e-07
-1.63012e-06
-7.56961e-07
-2.25084e-06
-1.00705e-06
-2.90268e-06
-1.29013e-06
-3.58979e-06
-1.59421e-06
-4.31415e-06
-1.90291e-06
-5.07419e-06
-2.19475e-06
-5.86263e-06
-2.44276e-06
-6.66338e-06
-2.61498e-06
-7.44743e-06
-2.67643e-06
-8.16751e-06
-2.5936e-06
-8.75197e-06
-2.34236e-06
-9.09897e-06
-1.92004e-06
-9.07341e-06
-1.36068e-06
-8.51065e-06
-7.50238e-07
-7.23219e-06
-2.33827e-07
-5.08024e-06
-1.9826e-06
-2.45701e-07
1.9822e-06
-7.59818e-07
4.98139e-06
-1.32908e-06
6.96379e-06
-1.80747e-06
8.06667e-06
-2.12201e-06
8.49902e-06
-2.25412e-06
8.46136e-06
-2.2183e-06
8.11791e-06
-2.04526e-06
7.59135e-06
-1.7707e-06
6.96725e-06
-1.42898e-06
6.30194e-06
-1.05013e-06
5.6305e-06
-6.58916e-07
4.97323e-06
-2.75003e-07
4.34062e-06
8.63956e-08
3.73677e-06
4.13712e-07
3.16177e-06
6.98245e-07
2.61316e-06
9.33483e-07
2.08698e-06
1.11456e-06
1.57832e-06
1.23784e-06
1.08165e-06
1.30063e-06
5.91072e-07
1.30102e-06
1.00333e-07
1.2378e-06
-3.97087e-07
1.11055e-06
-9.07981e-07
9.19808e-07
-1.43939e-06
6.67458e-07
-1.99849e-06
3.57215e-07
-2.59244e-06
-4.61693e-09
-3.22795e-06
-4.08174e-07
-3.91059e-06
-8.38835e-07
-4.64353e-06
-1.27587e-06
-5.42559e-06
-1.69118e-06
-6.24807e-06
-2.04851e-06
-7.0901e-06
-2.30412e-06
-7.91191e-06
-2.41009e-06
-8.646e-06
-2.32233e-06
-9.18673e-06
-2.01511e-06
-9.38062e-06
-1.50317e-06
-9.02259e-06
-8.68756e-07
-7.86661e-06
-2.83591e-07
-5.6654e-06
-2.2662e-06
-3.15636e-07
2.29783e-06
-9.17012e-07
5.58277e-06
-1.51011e-06
7.55688e-06
-1.92548e-06
8.48204e-06
-2.10262e-06
8.67616e-06
-2.04885e-06
8.40758e-06
-1.80464e-06
7.8737e-06
-1.42103e-06
7.20774e-06
-9.47203e-07
6.49341e-06
-4.25085e-07
5.77983e-06
1.12013e-07
5.0934e-06
6.38842e-07
4.4464e-06
1.13688e-06
3.84258e-06
1.59285e-06
3.2808e-06
1.99742e-06
2.7572e-06
2.34403e-06
2.26655e-06
2.62811e-06
1.80291e-06
2.84637e-06
1.36005e-06
2.99639e-06
9.31638e-07
3.07623e-06
5.11227e-07
3.08431e-06
9.22566e-08
3.01926e-06
-3.32037e-07
2.87999e-06
-7.68717e-07
2.66585e-06
-1.22524e-06
2.3769e-06
-1.70953e-06
2.01443e-06
-2.22998e-06
1.58176e-06
-2.79528e-06
1.08527e-06
-3.41409e-06
5.35904e-07
-4.09416e-06
-4.88823e-08
-4.8408e-06
-6.42882e-07
-5.65407e-06
-1.20881e-06
-6.52418e-06
-1.69674e-06
-7.42397e-06
-2.04498e-06
-8.29776e-06
-2.18603e-06
-9.04569e-06
-2.0618e-06
-9.50485e-06
-1.65235e-06
-9.43204e-06
-1.01929e-06
-8.49966e-06
-3.55159e-07
-6.32953e-06
-2.62135e-06
-4.21278e-07
2.71911e-06
-1.12148e-06
6.28297e-06
-1.6982e-06
8.13359e-06
-1.97512e-06
8.75896e-06
-1.92919e-06
8.63023e-06
-1.61192e-06
8.09032e-06
-1.09895e-06
7.36073e-06
-4.63727e-07
6.57252e-06
2.32992e-07
5.7967e-06
9.45258e-07
5.06756e-06
1.6403e-06
4.39835e-06
2.29579e-06
3.79091e-06
2.89708e-06
3.24129e-06
3.43491e-06
2.74297e-06
3.90366e-06
2.28845e-06
4.30004e-06
1.87018e-06
4.62212e-06
1.48082e-06
4.86875e-06
1.11342e-06
5.03904e-06
7.61348e-07
5.1321e-06
4.18164e-07
5.14685e-06
7.75087e-08
5.0819e-06
-2.67088e-07
4.93557e-06
-6.22388e-07
4.70597e-06
-9.95641e-07
4.39122e-06
-1.39478e-06
3.98984e-06
-1.8286e-06
3.50144e-06
-2.30688e-06
2.92771e-06
-2.84036e-06
2.274e-06
-3.44046e-06
1.55159e-06
-4.11838e-06
7.80723e-07
-4.88321e-06
-5.37614e-09
-5.73808e-06
-7.56235e-07
-6.67311e-06
-1.40082e-06
-7.65318e-06
-1.84857e-06
-8.59794e-06
-2.00105e-06
-9.35237e-06
-1.7836e-06
-9.6495e-06
-1.20703e-06
-9.07623e-06
-4.61415e-07
-7.07514e-06
-3.08277e-06
-5.82176e-07
3.30129e-06
-1.37147e-06
7.07227e-06
-1.8392e-06
8.60132e-06
-1.85047e-06
8.77024e-06
-1.46182e-06
8.24158e-06
-7.90006e-07
7.41851e-06
4.93728e-08
6.52135e-06
9.64352e-07
5.65754e-06
1.88974e-06
4.87131e-06
2.78276e-06
4.17454e-06
3.61718e-06
3.56394e-06
4.37804e-06
3.03004e-06
5.05772e-06
2.56162e-06
5.65305e-06
2.14763e-06
6.16348e-06
1.77803e-06
6.58974e-06
1.44391e-06
6.9331e-06
1.13746e-06
7.19478e-06
8.51749e-07
7.37563e-06
5.80495e-07
7.47593e-06
3.1786e-07
7.49523e-06
5.82091e-08
7.43226e-06
-2.04111e-07
7.28487e-06
-4.75005e-07
7.05011e-06
-7.60881e-07
6.72425e-06
-1.06892e-06
6.30304e-06
-1.40739e-06
5.78211e-06
-1.78595e-06
5.15776e-06
-2.21601e-06
4.42824e-06
-2.71094e-06
3.59591e-06
-3.28605e-06
2.67062e-06
-3.95792e-06
1.67477e-06
-4.74223e-06
6.50336e-07
-5.64868e-06
-3.32635e-07
-6.67021e-06
-1.16871e-06
-7.76186e-06
-1.7182e-06
-8.80288e-06
-1.83184e-06
-9.53586e-06
-1.42297e-06
-9.4851e-06
-6.20379e-07
-7.87774e-06
-3.70315e-06
-8.16845e-07
4.11813e-06
-1.61965e-06
7.87508e-06
-1.78912e-06
8.77078e-06
-1.33811e-06
8.31923e-06
-4.59602e-07
7.36307e-06
6.51933e-07
6.30697e-06
1.84996e-06
5.32332e-06
3.03945e-06
4.46806e-06
4.1652e-06
3.74556e-06
5.19865e-06
3.14109e-06
6.12756e-06
2.63503e-06
6.94905e-06
2.20856e-06
7.66518e-06
1.84548e-06
8.28034e-06
1.53247e-06
8.79966e-06
1.25871e-06
9.22815e-06
1.01542e-06
9.5702e-06
7.95414e-07
9.82933e-06
5.92622e-07
1.0008e-05
4.01801e-07
1.01077e-05
2.18227e-07
1.01284e-05
3.74495e-08
1.00692e-05
-1.44944e-07
9.9278e-06
-3.33555e-07
9.70034e-06
-5.33424e-07
9.38173e-06
-7.50313e-07
8.9654e-06
-9.91055e-07
8.44342e-06
-1.26398e-06
7.80687e-06
-1.57945e-06
7.04645e-06
-1.95052e-06
6.15403e-06
-2.39363e-06
5.12538e-06
-2.92927e-06
3.96513e-06
-3.58197e-06
2.69511e-06
-4.37866e-06
1.3673e-06
-5.3424e-06
8.1448e-08
-6.476e-06
-9.97791e-07
-7.72364e-06
-1.64063e-06
-8.89303e-06
-1.6066e-06
-9.51913e-06
-8.45572e-07
-8.63876e-06
-4.54872e-06
-1.10448e-06
5.22261e-06
-1.67461e-06
8.44521e-06
-1.20271e-06
8.29888e-06
-3.05682e-08
7.14709e-06
1.47065e-06
5.86185e-06
3.05217e-06
4.72545e-06
4.57355e-06
3.80194e-06
5.96782e-06
3.07378e-06
7.21091e-06
2.50247e-06
8.30091e-06
2.05109e-06
9.2461e-06
1.68983e-06
1.00586e-05
1.39609e-06
1.0751e-05
1.1531e-06
1.1335e-05
9.48433e-07
1.18209e-05
7.72819e-07
1.22171e-05
6.19189e-07
1.25305e-05
4.82033e-07
1.27662e-05
3.56918e-07
1.29279e-05
2.40138e-07
1.30176e-05
1.28447e-07
1.30362e-05
1.88503e-08
1.29829e-05
-9.15905e-08
1.28553e-05
-2.05931e-07
1.26494e-05
-3.27544e-07
1.23594e-05
-4.60348e-07
1.19775e-05
-6.09105e-07
1.14933e-05
-7.79818e-07
1.08941e-05
-9.80279e-07
1.01645e-05
-1.22085e-06
9.2864e-06
-1.51557e-06
8.24076e-06
-1.88363e-06
7.01011e-06
-2.35131e-06
5.58543e-06
-2.95398e-06
3.97968e-06
-3.73666e-06
2.25231e-06
-4.74863e-06
5.47481e-07
-6.01881e-06
-8.60675e-07
-7.48487e-06
-1.54798e-06
-8.83183e-06
-1.10328e-06
-9.08345e-06
-5.652e-06
-1.25999e-06
6.4826e-06
-9.54034e-07
8.13925e-06
6.83321e-07
6.66152e-06
2.80111e-06
5.02929e-06
4.92383e-06
3.73913e-06
6.85336e-06
2.79593e-06
8.52997e-06
2.12533e-06
9.95649e-06
1.64725e-06
1.11592e-05
1.29973e-06
1.21697e-05
1.04059e-06
1.30174e-05
8.42138e-07
1.37274e-05
6.86147e-07
1.432e-05
5.6046e-07
1.48117e-05
4.5678e-07
1.52152e-05
3.6929e-07
1.55406e-05
2.93783e-07
1.57955e-05
2.27113e-07
1.59856e-05
1.66832e-07
1.61148e-05
1.1095e-07
1.61855e-05
5.77664e-08
1.61986e-05
5.73324e-09
1.61536e-05
-4.66516e-08
1.60487e-05
-1.00946e-07
1.588e-05
-1.58881e-07
1.56421e-05
-2.22492e-07
1.53273e-05
-2.94301e-07
1.49251e-05
-3.77572e-07
1.44215e-05
-4.76686e-07
1.37984e-05
-5.97731e-07
1.30322e-05
-7.49426e-07
1.20932e-05
-9.44626e-07
1.09447e-05
-1.20277e-06
9.54453e-06
-1.55382e-06
7.85209e-06
-2.04422e-06
5.84744e-06
-2.74399e-06
3.57597e-06
-3.74734e-06
1.23727e-06
-5.14617e-06
-6.58829e-07
-6.93572e-06
-1.18524e-06
-8.55704e-06
-6.83725e-06
-3.33092e-07
6.81569e-06
2.21358e-06
5.59258e-06
5.44642e-06
3.42868e-06
8.33344e-06
2.14228e-06
1.06791e-05
1.39344e-06
1.25319e-05
9.43133e-07
1.39904e-05
6.66831e-07
1.51463e-05
4.91358e-07
1.60716e-05
3.74446e-07
1.68196e-05
2.92595e-07
1.74291e-05
2.32668e-07
1.79282e-05
1.87057e-07
1.83375e-05
1.51165e-07
1.86722e-05
1.2208e-07
1.89436e-05
9.78743e-08
1.91601e-05
7.72144e-08
1.93281e-05
5.91341e-08
1.94521e-05
4.29017e-08
1.95351e-05
2.79348e-08
1.95791e-05
1.37433e-08
1.95849e-05
-1.11062e-10
1.95523e-05
-1.40576e-08
1.94799e-05
-2.85306e-08
1.93651e-05
-4.40227e-08
1.92037e-05
-6.11162e-08
1.89899e-05
-8.05429e-08
1.87156e-05
-1.03269e-07
1.83696e-05
-1.30626e-07
1.79364e-05
-1.64529e-07
1.73948e-05
-2.07856e-07
1.67153e-05
-2.65138e-07
1.58564e-05
-3.43868e-07
1.47597e-05
-4.5709e-07
1.3344e-05
-6.28524e-07
1.15021e-05
-9.02138e-07
9.11264e-06
-1.35785e-06
6.10363e-06
-2.13716e-06
2.66569e-06
-3.49778e-06
-1.36595e-07
-5.75476e-06
-6.97384e-06
6.81569e-06
1.24083e-05
1.5837e-05
1.79792e-05
1.93727e-05
2.03158e-05
2.09826e-05
2.1474e-05
2.18484e-05
2.2141e-05
2.23737e-05
2.25608e-05
2.27119e-05
2.2834e-05
2.29319e-05
2.30091e-05
2.30682e-05
2.31111e-05
2.31391e-05
2.31528e-05
2.31527e-05
2.31386e-05
2.31101e-05
2.30661e-05
2.3005e-05
2.29244e-05
2.28212e-05
2.26905e-05
2.2526e-05
2.23181e-05
2.2053e-05
2.17091e-05
2.12521e-05
2.06235e-05
1.97214e-05
1.83635e-05
1.62264e-05
1.27286e-05
6.97384e-06
)
;

boundaryField
{
    movingWall
    {
        type            calculated;
        value           uniform 0;
    }
    fixedWalls
    {
        type            calculated;
        value           uniform 0;
    }
    frontAndBack
    {
        type            empty;
        value           nonuniform 0();
    }
}


// ************************************************************************* //
