/*--------------------------------*- C++ -*----------------------------------*\
  =========                 |
  \\      /  F ield         | OpenFOAM: The Open Source CFD Toolbox
   \\    /   O peration     | Website:  https://openfoam.org
    \\  /    A nd           | Version:  7
     \\/     M anipulation  |
\*---------------------------------------------------------------------------*/
FoamFile
{
    version     2.0;
    format      ascii;
    class       faceList;
    location    "constant/polyMesh";
    object      faces;
}
// * * * * * * * * * * * * * * * * * * * * * * * * * * * * * * * * * * * * * //


632
(
4(1 4 217 214)
4(3 216 217 4)
4(4 217 218 5)
4(4 7 220 217)
4(6 219 220 7)
4(7 220 221 8)
4(7 10 223 220)
4(9 222 223 10)
4(10 223 224 11)
4(10 13 226 223)
4(12 225 226 13)
4(13 226 227 14)
4(13 16 229 226)
4(15 228 229 16)
4(16 229 230 17)
4(16 19 232 229)
4(18 231 232 19)
4(19 232 233 20)
4(19 22 235 232)
4(21 234 235 22)
4(22 235 236 23)
4(22 25 238 235)
4(24 237 238 25)
4(25 238 239 26)
4(25 28 241 238)
4(27 240 241 28)
4(28 241 242 29)
4(28 31 244 241)
4(30 243 244 31)
4(31 244 245 32)
4(31 34 247 244)
4(33 246 247 34)
4(34 247 248 35)
4(34 37 250 247)
4(36 249 250 37)
4(37 250 251 38)
4(37 40 253 250)
4(39 252 253 40)
4(40 253 254 41)
4(40 43 256 253)
4(42 255 256 43)
4(43 256 257 44)
4(43 46 259 256)
4(45 258 259 46)
4(46 259 260 47)
4(46 49 262 259)
4(48 261 262 49)
4(49 262 263 50)
4(49 52 265 262)
4(51 264 265 52)
4(52 265 266 53)
4(52 55 268 265)
4(54 267 268 55)
4(55 268 269 56)
4(55 58 271 268)
4(57 270 271 58)
4(58 271 272 59)
4(58 61 274 271)
4(60 273 274 61)
4(61 274 275 62)
4(61 64 277 274)
4(63 276 277 64)
4(64 277 278 65)
4(64 67 280 277)
4(66 279 280 67)
4(67 280 281 68)
4(67 70 283 280)
4(69 282 283 70)
4(70 283 284 71)
4(70 73 286 283)
4(72 285 286 73)
4(73 286 287 74)
4(73 76 289 286)
4(75 288 289 76)
4(76 289 290 77)
4(76 79 292 289)
4(78 291 292 79)
4(79 292 293 80)
4(79 82 295 292)
4(81 294 295 82)
4(82 295 296 83)
4(82 85 298 295)
4(84 297 298 85)
4(85 298 299 86)
4(85 88 301 298)
4(87 300 301 88)
4(88 301 302 89)
4(88 91 304 301)
4(90 303 304 91)
4(91 304 305 92)
4(91 94 307 304)
4(93 306 307 94)
4(94 307 308 95)
4(94 97 310 307)
4(96 309 310 97)
4(97 310 311 98)
4(97 100 313 310)
4(99 312 313 100)
4(100 313 314 101)
4(100 103 316 313)
4(102 315 316 103)
4(103 316 317 104)
4(103 106 319 316)
4(105 318 319 106)
4(106 319 320 107)
4(106 109 322 319)
4(108 321 322 109)
4(109 322 323 110)
4(109 112 325 322)
4(111 324 325 112)
4(112 325 326 113)
4(112 115 328 325)
4(114 327 328 115)
4(115 328 329 116)
4(115 118 331 328)
4(117 330 331 118)
4(118 331 332 119)
4(118 121 334 331)
4(120 333 334 121)
4(121 334 335 122)
4(121 124 337 334)
4(123 336 337 124)
4(124 337 338 125)
4(124 127 340 337)
4(126 339 340 127)
4(127 340 341 128)
4(127 130 343 340)
4(129 342 343 130)
4(130 343 344 131)
4(130 133 346 343)
4(132 345 346 133)
4(133 346 347 134)
4(133 136 349 346)
4(135 348 349 136)
4(136 349 350 137)
4(136 139 352 349)
4(138 351 352 139)
4(139 352 353 140)
4(139 142 355 352)
4(141 354 355 142)
4(142 355 356 143)
4(142 145 358 355)
4(144 357 358 145)
4(145 358 359 146)
4(145 148 361 358)
4(147 360 361 148)
4(148 361 362 149)
4(148 151 364 361)
4(150 363 364 151)
4(151 364 365 152)
4(151 154 367 364)
4(153 366 367 154)
4(154 367 368 155)
4(154 157 370 367)
4(156 369 370 157)
4(157 370 371 158)
4(157 160 373 370)
4(159 372 373 160)
4(160 373 374 161)
4(160 163 376 373)
4(162 375 376 163)
4(163 376 377 164)
4(163 166 379 376)
4(165 378 379 166)
4(166 379 380 167)
4(166 169 382 379)
4(168 381 382 169)
4(169 382 383 170)
4(169 172 385 382)
4(171 384 385 172)
4(172 385 386 173)
4(172 175 388 385)
4(174 387 388 175)
4(175 388 389 176)
4(175 178 391 388)
4(177 390 391 178)
4(178 391 392 179)
4(178 181 394 391)
4(180 393 394 181)
4(181 394 395 182)
4(181 184 397 394)
4(183 396 397 184)
4(184 397 398 185)
4(184 187 400 397)
4(186 399 400 187)
4(187 400 401 188)
4(187 190 403 400)
4(189 402 403 190)
4(190 403 404 191)
4(190 193 406 403)
4(192 405 406 193)
4(193 406 407 194)
4(193 196 409 406)
4(195 408 409 196)
4(196 409 410 197)
4(196 199 412 409)
4(198 411 412 199)
4(199 412 413 200)
4(199 202 415 412)
4(201 414 415 202)
4(202 415 416 203)
4(202 205 418 415)
4(204 417 418 205)
4(205 418 419 206)
4(205 208 421 418)
4(207 420 421 208)
4(208 421 422 209)
4(208 211 424 421)
4(0 213 216 3)
4(3 216 219 6)
4(6 219 222 9)
4(9 222 225 12)
4(12 225 228 15)
4(15 228 231 18)
4(18 231 234 21)
4(21 234 237 24)
4(24 237 240 27)
4(27 240 243 30)
4(30 243 246 33)
4(33 246 249 36)
4(36 249 252 39)
4(39 252 255 42)
4(42 255 258 45)
4(45 258 261 48)
4(48 261 264 51)
4(51 264 267 54)
4(54 267 270 57)
4(57 270 273 60)
4(60 273 276 63)
4(63 276 279 66)
4(66 279 282 69)
4(69 282 285 72)
4(72 285 288 75)
4(75 288 291 78)
4(78 291 294 81)
4(81 294 297 84)
4(84 297 300 87)
4(87 300 303 90)
4(90 303 306 93)
4(93 306 309 96)
4(96 309 312 99)
4(99 312 315 102)
4(102 315 318 105)
4(105 318 321 108)
4(108 321 324 111)
4(111 324 327 114)
4(114 327 330 117)
4(117 330 333 120)
4(120 333 336 123)
4(123 336 339 126)
4(126 339 342 129)
4(129 342 345 132)
4(132 345 348 135)
4(135 348 351 138)
4(138 351 354 141)
4(141 354 357 144)
4(144 357 360 147)
4(147 360 363 150)
4(150 363 366 153)
4(153 366 369 156)
4(156 369 372 159)
4(159 372 375 162)
4(162 375 378 165)
4(165 378 381 168)
4(168 381 384 171)
4(171 384 387 174)
4(174 387 390 177)
4(177 390 393 180)
4(180 393 396 183)
4(183 396 399 186)
4(186 399 402 189)
4(189 402 405 192)
4(192 405 408 195)
4(195 408 411 198)
4(198 411 414 201)
4(201 414 417 204)
4(204 417 420 207)
4(207 420 423 210)
4(2 5 218 215)
4(5 8 221 218)
4(8 11 224 221)
4(11 14 227 224)
4(14 17 230 227)
4(17 20 233 230)
4(20 23 236 233)
4(23 26 239 236)
4(26 29 242 239)
4(29 32 245 242)
4(32 35 248 245)
4(35 38 251 248)
4(38 41 254 251)
4(41 44 257 254)
4(44 47 260 257)
4(47 50 263 260)
4(50 53 266 263)
4(53 56 269 266)
4(56 59 272 269)
4(59 62 275 272)
4(62 65 278 275)
4(65 68 281 278)
4(68 71 284 281)
4(71 74 287 284)
4(74 77 290 287)
4(77 80 293 290)
4(80 83 296 293)
4(83 86 299 296)
4(86 89 302 299)
4(89 92 305 302)
4(92 95 308 305)
4(95 98 311 308)
4(98 101 314 311)
4(101 104 317 314)
4(104 107 320 317)
4(107 110 323 320)
4(110 113 326 323)
4(113 116 329 326)
4(116 119 332 329)
4(119 122 335 332)
4(122 125 338 335)
4(125 128 341 338)
4(128 131 344 341)
4(131 134 347 344)
4(134 137 350 347)
4(137 140 353 350)
4(140 143 356 353)
4(143 146 359 356)
4(146 149 362 359)
4(149 152 365 362)
4(152 155 368 365)
4(155 158 371 368)
4(158 161 374 371)
4(161 164 377 374)
4(164 167 380 377)
4(167 170 383 380)
4(170 173 386 383)
4(173 176 389 386)
4(176 179 392 389)
4(179 182 395 392)
4(182 185 398 395)
4(185 188 401 398)
4(188 191 404 401)
4(191 194 407 404)
4(194 197 410 407)
4(197 200 413 410)
4(200 203 416 413)
4(203 206 419 416)
4(206 209 422 419)
4(209 212 425 422)
4(210 423 424 211)
4(211 424 425 212)
4(0 1 214 213)
4(1 2 215 214)
4(0 3 4 1)
4(3 6 7 4)
4(6 9 10 7)
4(9 12 13 10)
4(12 15 16 13)
4(15 18 19 16)
4(18 21 22 19)
4(21 24 25 22)
4(24 27 28 25)
4(27 30 31 28)
4(30 33 34 31)
4(33 36 37 34)
4(36 39 40 37)
4(39 42 43 40)
4(42 45 46 43)
4(45 48 49 46)
4(48 51 52 49)
4(51 54 55 52)
4(54 57 58 55)
4(57 60 61 58)
4(60 63 64 61)
4(63 66 67 64)
4(66 69 70 67)
4(69 72 73 70)
4(72 75 76 73)
4(75 78 79 76)
4(78 81 82 79)
4(81 84 85 82)
4(84 87 88 85)
4(87 90 91 88)
4(90 93 94 91)
4(93 96 97 94)
4(96 99 100 97)
4(99 102 103 100)
4(102 105 106 103)
4(105 108 109 106)
4(108 111 112 109)
4(111 114 115 112)
4(114 117 118 115)
4(117 120 121 118)
4(120 123 124 121)
4(123 126 127 124)
4(126 129 130 127)
4(129 132 133 130)
4(132 135 136 133)
4(135 138 139 136)
4(138 141 142 139)
4(141 144 145 142)
4(144 147 148 145)
4(147 150 151 148)
4(150 153 154 151)
4(153 156 157 154)
4(156 159 160 157)
4(159 162 163 160)
4(162 165 166 163)
4(165 168 169 166)
4(168 171 172 169)
4(171 174 175 172)
4(174 177 178 175)
4(177 180 181 178)
4(180 183 184 181)
4(183 186 187 184)
4(186 189 190 187)
4(189 192 193 190)
4(192 195 196 193)
4(195 198 199 196)
4(198 201 202 199)
4(201 204 205 202)
4(204 207 208 205)
4(207 210 211 208)
4(1 4 5 2)
4(4 7 8 5)
4(7 10 11 8)
4(10 13 14 11)
4(13 16 17 14)
4(16 19 20 17)
4(19 22 23 20)
4(22 25 26 23)
4(25 28 29 26)
4(28 31 32 29)
4(31 34 35 32)
4(34 37 38 35)
4(37 40 41 38)
4(40 43 44 41)
4(43 46 47 44)
4(46 49 50 47)
4(49 52 53 50)
4(52 55 56 53)
4(55 58 59 56)
4(58 61 62 59)
4(61 64 65 62)
4(64 67 68 65)
4(67 70 71 68)
4(70 73 74 71)
4(73 76 77 74)
4(76 79 80 77)
4(79 82 83 80)
4(82 85 86 83)
4(85 88 89 86)
4(88 91 92 89)
4(91 94 95 92)
4(94 97 98 95)
4(97 100 101 98)
4(100 103 104 101)
4(103 106 107 104)
4(106 109 110 107)
4(109 112 113 110)
4(112 115 116 113)
4(115 118 119 116)
4(118 121 122 119)
4(121 124 125 122)
4(124 127 128 125)
4(127 130 131 128)
4(130 133 134 131)
4(133 136 137 134)
4(136 139 140 137)
4(139 142 143 140)
4(142 145 146 143)
4(145 148 149 146)
4(148 151 152 149)
4(151 154 155 152)
4(154 157 158 155)
4(157 160 161 158)
4(160 163 164 161)
4(163 166 167 164)
4(166 169 170 167)
4(169 172 173 170)
4(172 175 176 173)
4(175 178 179 176)
4(178 181 182 179)
4(181 184 185 182)
4(184 187 188 185)
4(187 190 191 188)
4(190 193 194 191)
4(193 196 197 194)
4(196 199 200 197)
4(199 202 203 200)
4(202 205 206 203)
4(205 208 209 206)
4(208 211 212 209)
4(213 214 217 216)
4(216 217 220 219)
4(219 220 223 222)
4(222 223 226 225)
4(225 226 229 228)
4(228 229 232 231)
4(231 232 235 234)
4(234 235 238 237)
4(237 238 241 240)
4(240 241 244 243)
4(243 244 247 246)
4(246 247 250 249)
4(249 250 253 252)
4(252 253 256 255)
4(255 256 259 258)
4(258 259 262 261)
4(261 262 265 264)
4(264 265 268 267)
4(267 268 271 270)
4(270 271 274 273)
4(273 274 277 276)
4(276 277 280 279)
4(279 280 283 282)
4(282 283 286 285)
4(285 286 289 288)
4(288 289 292 291)
4(291 292 295 294)
4(294 295 298 297)
4(297 298 301 300)
4(300 301 304 303)
4(303 304 307 306)
4(306 307 310 309)
4(309 310 313 312)
4(312 313 316 315)
4(315 316 319 318)
4(318 319 322 321)
4(321 322 325 324)
4(324 325 328 327)
4(327 328 331 330)
4(330 331 334 333)
4(333 334 337 336)
4(336 337 340 339)
4(339 340 343 342)
4(342 343 346 345)
4(345 346 349 348)
4(348 349 352 351)
4(351 352 355 354)
4(354 355 358 357)
4(357 358 361 360)
4(360 361 364 363)
4(363 364 367 366)
4(366 367 370 369)
4(369 370 373 372)
4(372 373 376 375)
4(375 376 379 378)
4(378 379 382 381)
4(381 382 385 384)
4(384 385 388 387)
4(387 388 391 390)
4(390 391 394 393)
4(393 394 397 396)
4(396 397 400 399)
4(399 400 403 402)
4(402 403 406 405)
4(405 406 409 408)
4(408 409 412 411)
4(411 412 415 414)
4(414 415 418 417)
4(417 418 421 420)
4(420 421 424 423)
4(214 215 218 217)
4(217 218 221 220)
4(220 221 224 223)
4(223 224 227 226)
4(226 227 230 229)
4(229 230 233 232)
4(232 233 236 235)
4(235 236 239 238)
4(238 239 242 241)
4(241 242 245 244)
4(244 245 248 247)
4(247 248 251 250)
4(250 251 254 253)
4(253 254 257 256)
4(256 257 260 259)
4(259 260 263 262)
4(262 263 266 265)
4(265 266 269 268)
4(268 269 272 271)
4(271 272 275 274)
4(274 275 278 277)
4(277 278 281 280)
4(280 281 284 283)
4(283 284 287 286)
4(286 287 290 289)
4(289 290 293 292)
4(292 293 296 295)
4(295 296 299 298)
4(298 299 302 301)
4(301 302 305 304)
4(304 305 308 307)
4(307 308 311 310)
4(310 311 314 313)
4(313 314 317 316)
4(316 317 320 319)
4(319 320 323 322)
4(322 323 326 325)
4(325 326 329 328)
4(328 329 332 331)
4(331 332 335 334)
4(334 335 338 337)
4(337 338 341 340)
4(340 341 344 343)
4(343 344 347 346)
4(346 347 350 349)
4(349 350 353 352)
4(352 353 356 355)
4(355 356 359 358)
4(358 359 362 361)
4(361 362 365 364)
4(364 365 368 367)
4(367 368 371 370)
4(370 371 374 373)
4(373 374 377 376)
4(376 377 380 379)
4(379 380 383 382)
4(382 383 386 385)
4(385 386 389 388)
4(388 389 392 391)
4(391 392 395 394)
4(394 395 398 397)
4(397 398 401 400)
4(400 401 404 403)
4(403 404 407 406)
4(406 407 410 409)
4(409 410 413 412)
4(412 413 416 415)
4(415 416 419 418)
4(418 419 422 421)
4(421 422 425 424)
)


// ************************************************************************* //
