/*--------------------------------*- C++ -*----------------------------------*\
  =========                 |
  \\      /  F ield         | OpenFOAM: The Open Source CFD Toolbox
   \\    /   O peration     | Website:  https://openfoam.org
    \\  /    A nd           | Version:  7
     \\/     M anipulation  |
\*---------------------------------------------------------------------------*/
FoamFile
{
    version     2.0;
    format      ascii;
    class       vectorField;
    location    "constant/polyMesh";
    object      points;
}
// * * * * * * * * * * * * * * * * * * * * * * * * * * * * * * * * * * * * * //


426
(
(0 0 -0.5)
(1 0 -0.5)
(2 0 -0.5)
(0 0.0007223090202 -0.5)
(1 0.0007223090202 -0.5)
(2 0.0007223090202 -0.5)
(0 0.001495229479 -0.5)
(1 0.001495229479 -0.5)
(2 0.001495229479 -0.5)
(0 0.002322307668 -0.5)
(1 0.002322307668 -0.5)
(2 0.002322307668 -0.5)
(0 0.003207338361 -0.5)
(1 0.003207338361 -0.5)
(2 0.003207338361 -0.5)
(0 0.004154382231 -0.5)
(1 0.004154382231 -0.5)
(2 0.004154382231 -0.5)
(0 0.005167784475 -0.5)
(1 0.005167784475 -0.5)
(2 0.005167784475 -0.5)
(0 0.006252194757 -0.5)
(1 0.006252194757 -0.5)
(2 0.006252194757 -0.5)
(0 0.007412588534 -0.5)
(1 0.007412588534 -0.5)
(2 0.007412588534 -0.5)
(0 0.008654289892 -0.5)
(1 0.008654289892 -0.5)
(2 0.008654289892 -0.5)
(0 0.009982995967 -0.5)
(1 0.009982995967 -0.5)
(2 0.009982995967 -0.5)
(0 0.01140480309 -0.5)
(1 0.01140480309 -0.5)
(2 0.01140480309 -0.5)
(0 0.01292623475 -0.5)
(1 0.01292623475 -0.5)
(2 0.01292623475 -0.5)
(0 0.01455427154 -0.5)
(1 0.01455427154 -0.5)
(2 0.01455427154 -0.5)
(0 0.01629638317 -0.5)
(1 0.01629638317 -0.5)
(2 0.01629638317 -0.5)
(0 0.01816056274 -0.5)
(1 0.01816056274 -0.5)
(2 0.01816056274 -0.5)
(0 0.02015536343 -0.5)
(1 0.02015536343 -0.5)
(2 0.02015536343 -0.5)
(0 0.02228993772 -0.5)
(1 0.02228993772 -0.5)
(2 0.02228993772 -0.5)
(0 0.02457407939 -0.5)
(1 0.02457407939 -0.5)
(2 0.02457407939 -0.5)
(0 0.02701826849 -0.5)
(1 0.02701826849 -0.5)
(2 0.02701826849 -0.5)
(0 0.02963371937 -0.5)
(1 0.02963371937 -0.5)
(2 0.02963371937 -0.5)
(0 0.03243243216 -0.5)
(1 0.03243243216 -0.5)
(2 0.03243243216 -0.5)
(0 0.03542724783 -0.5)
(1 0.03542724783 -0.5)
(2 0.03542724783 -0.5)
(0 0.03863190711 -0.5)
(1 0.03863190711 -0.5)
(2 0.03863190711 -0.5)
(0 0.04206111352 -0.5)
(1 0.04206111352 -0.5)
(2 0.04206111352 -0.5)
(0 0.04573060084 -0.5)
(1 0.04573060084 -0.5)
(2 0.04573060084 -0.5)
(0 0.04965720531 -0.5)
(1 0.04965720531 -0.5)
(2 0.04965720531 -0.5)
(0 0.05385894284 -0.5)
(1 0.05385894284 -0.5)
(2 0.05385894284 -0.5)
(0 0.05835509174 -0.5)
(1 0.05835509174 -0.5)
(2 0.05835509174 -0.5)
(0 0.0631662811 -0.5)
(1 0.0631662811 -0.5)
(2 0.0631662811 -0.5)
(0 0.06831458547 -0.5)
(1 0.06831458547 -0.5)
(2 0.06831458547 -0.5)
(0 0.07382362616 -0.5)
(1 0.07382362616 -0.5)
(2 0.07382362616 -0.5)
(0 0.07971867957 -0.5)
(1 0.07971867957 -0.5)
(2 0.07971867957 -0.5)
(0 0.08602679322 -0.5)
(1 0.08602679322 -0.5)
(2 0.08602679322 -0.5)
(0 0.0927769098 -0.5)
(1 0.0927769098 -0.5)
(2 0.0927769098 -0.5)
(0 0.1 -0.5)
(1 0.1 -0.5)
(2 0.1 -0.5)
(0 0.1072230902 -0.5)
(1 0.1072230902 -0.5)
(2 0.1072230902 -0.5)
(0 0.1139732068 -0.5)
(1 0.1139732068 -0.5)
(2 0.1139732068 -0.5)
(0 0.1202813204 -0.5)
(1 0.1202813204 -0.5)
(2 0.1202813204 -0.5)
(0 0.1261763738 -0.5)
(1 0.1261763738 -0.5)
(2 0.1261763738 -0.5)
(0 0.1316854145 -0.5)
(1 0.1316854145 -0.5)
(2 0.1316854145 -0.5)
(0 0.1368337189 -0.5)
(1 0.1368337189 -0.5)
(2 0.1368337189 -0.5)
(0 0.1416449083 -0.5)
(1 0.1416449083 -0.5)
(2 0.1416449083 -0.5)
(0 0.1461410572 -0.5)
(1 0.1461410572 -0.5)
(2 0.1461410572 -0.5)
(0 0.1503427947 -0.5)
(1 0.1503427947 -0.5)
(2 0.1503427947 -0.5)
(0 0.1542693992 -0.5)
(1 0.1542693992 -0.5)
(2 0.1542693992 -0.5)
(0 0.1579388865 -0.5)
(1 0.1579388865 -0.5)
(2 0.1579388865 -0.5)
(0 0.1613680929 -0.5)
(1 0.1613680929 -0.5)
(2 0.1613680929 -0.5)
(0 0.1645727522 -0.5)
(1 0.1645727522 -0.5)
(2 0.1645727522 -0.5)
(0 0.1675675678 -0.5)
(1 0.1675675678 -0.5)
(2 0.1675675678 -0.5)
(0 0.1703662806 -0.5)
(1 0.1703662806 -0.5)
(2 0.1703662806 -0.5)
(0 0.1729817315 -0.5)
(1 0.1729817315 -0.5)
(2 0.1729817315 -0.5)
(0 0.1754259206 -0.5)
(1 0.1754259206 -0.5)
(2 0.1754259206 -0.5)
(0 0.1777100623 -0.5)
(1 0.1777100623 -0.5)
(2 0.1777100623 -0.5)
(0 0.1798446366 -0.5)
(1 0.1798446366 -0.5)
(2 0.1798446366 -0.5)
(0 0.1818394373 -0.5)
(1 0.1818394373 -0.5)
(2 0.1818394373 -0.5)
(0 0.1837036168 -0.5)
(1 0.1837036168 -0.5)
(2 0.1837036168 -0.5)
(0 0.1854457285 -0.5)
(1 0.1854457285 -0.5)
(2 0.1854457285 -0.5)
(0 0.1870737652 -0.5)
(1 0.1870737652 -0.5)
(2 0.1870737652 -0.5)
(0 0.1885951969 -0.5)
(1 0.1885951969 -0.5)
(2 0.1885951969 -0.5)
(0 0.190017004 -0.5)
(1 0.190017004 -0.5)
(2 0.190017004 -0.5)
(0 0.1913457101 -0.5)
(1 0.1913457101 -0.5)
(2 0.1913457101 -0.5)
(0 0.1925874115 -0.5)
(1 0.1925874115 -0.5)
(2 0.1925874115 -0.5)
(0 0.1937478052 -0.5)
(1 0.1937478052 -0.5)
(2 0.1937478052 -0.5)
(0 0.1948322155 -0.5)
(1 0.1948322155 -0.5)
(2 0.1948322155 -0.5)
(0 0.1958456178 -0.5)
(1 0.1958456178 -0.5)
(2 0.1958456178 -0.5)
(0 0.1967926616 -0.5)
(1 0.1967926616 -0.5)
(2 0.1967926616 -0.5)
(0 0.1976776923 -0.5)
(1 0.1976776923 -0.5)
(2 0.1976776923 -0.5)
(0 0.1985047705 -0.5)
(1 0.1985047705 -0.5)
(2 0.1985047705 -0.5)
(0 0.199277691 -0.5)
(1 0.199277691 -0.5)
(2 0.199277691 -0.5)
(0 0.2 -0.5)
(1 0.2 -0.5)
(2 0.2 -0.5)
(0 0 0.5)
(1 0 0.5)
(2 0 0.5)
(0 0.0007223090202 0.5)
(1 0.0007223090202 0.5)
(2 0.0007223090202 0.5)
(0 0.001495229479 0.5)
(1 0.001495229479 0.5)
(2 0.001495229479 0.5)
(0 0.002322307668 0.5)
(1 0.002322307668 0.5)
(2 0.002322307668 0.5)
(0 0.003207338361 0.5)
(1 0.003207338361 0.5)
(2 0.003207338361 0.5)
(0 0.004154382231 0.5)
(1 0.004154382231 0.5)
(2 0.004154382231 0.5)
(0 0.005167784475 0.5)
(1 0.005167784475 0.5)
(2 0.005167784475 0.5)
(0 0.006252194757 0.5)
(1 0.006252194757 0.5)
(2 0.006252194757 0.5)
(0 0.007412588534 0.5)
(1 0.007412588534 0.5)
(2 0.007412588534 0.5)
(0 0.008654289892 0.5)
(1 0.008654289892 0.5)
(2 0.008654289892 0.5)
(0 0.009982995967 0.5)
(1 0.009982995967 0.5)
(2 0.009982995967 0.5)
(0 0.01140480309 0.5)
(1 0.01140480309 0.5)
(2 0.01140480309 0.5)
(0 0.01292623475 0.5)
(1 0.01292623475 0.5)
(2 0.01292623475 0.5)
(0 0.01455427154 0.5)
(1 0.01455427154 0.5)
(2 0.01455427154 0.5)
(0 0.01629638317 0.5)
(1 0.01629638317 0.5)
(2 0.01629638317 0.5)
(0 0.01816056274 0.5)
(1 0.01816056274 0.5)
(2 0.01816056274 0.5)
(0 0.02015536343 0.5)
(1 0.02015536343 0.5)
(2 0.02015536343 0.5)
(0 0.02228993772 0.5)
(1 0.02228993772 0.5)
(2 0.02228993772 0.5)
(0 0.02457407939 0.5)
(1 0.02457407939 0.5)
(2 0.02457407939 0.5)
(0 0.02701826849 0.5)
(1 0.02701826849 0.5)
(2 0.02701826849 0.5)
(0 0.02963371937 0.5)
(1 0.02963371937 0.5)
(2 0.02963371937 0.5)
(0 0.03243243216 0.5)
(1 0.03243243216 0.5)
(2 0.03243243216 0.5)
(0 0.03542724783 0.5)
(1 0.03542724783 0.5)
(2 0.03542724783 0.5)
(0 0.03863190711 0.5)
(1 0.03863190711 0.5)
(2 0.03863190711 0.5)
(0 0.04206111352 0.5)
(1 0.04206111352 0.5)
(2 0.04206111352 0.5)
(0 0.04573060084 0.5)
(1 0.04573060084 0.5)
(2 0.04573060084 0.5)
(0 0.04965720531 0.5)
(1 0.04965720531 0.5)
(2 0.04965720531 0.5)
(0 0.05385894284 0.5)
(1 0.05385894284 0.5)
(2 0.05385894284 0.5)
(0 0.05835509174 0.5)
(1 0.05835509174 0.5)
(2 0.05835509174 0.5)
(0 0.0631662811 0.5)
(1 0.0631662811 0.5)
(2 0.0631662811 0.5)
(0 0.06831458547 0.5)
(1 0.06831458547 0.5)
(2 0.06831458547 0.5)
(0 0.07382362616 0.5)
(1 0.07382362616 0.5)
(2 0.07382362616 0.5)
(0 0.07971867957 0.5)
(1 0.07971867957 0.5)
(2 0.07971867957 0.5)
(0 0.08602679322 0.5)
(1 0.08602679322 0.5)
(2 0.08602679322 0.5)
(0 0.0927769098 0.5)
(1 0.0927769098 0.5)
(2 0.0927769098 0.5)
(0 0.1 0.5)
(1 0.1 0.5)
(2 0.1 0.5)
(0 0.1072230902 0.5)
(1 0.1072230902 0.5)
(2 0.1072230902 0.5)
(0 0.1139732068 0.5)
(1 0.1139732068 0.5)
(2 0.1139732068 0.5)
(0 0.1202813204 0.5)
(1 0.1202813204 0.5)
(2 0.1202813204 0.5)
(0 0.1261763738 0.5)
(1 0.1261763738 0.5)
(2 0.1261763738 0.5)
(0 0.1316854145 0.5)
(1 0.1316854145 0.5)
(2 0.1316854145 0.5)
(0 0.1368337189 0.5)
(1 0.1368337189 0.5)
(2 0.1368337189 0.5)
(0 0.1416449083 0.5)
(1 0.1416449083 0.5)
(2 0.1416449083 0.5)
(0 0.1461410572 0.5)
(1 0.1461410572 0.5)
(2 0.1461410572 0.5)
(0 0.1503427947 0.5)
(1 0.1503427947 0.5)
(2 0.1503427947 0.5)
(0 0.1542693992 0.5)
(1 0.1542693992 0.5)
(2 0.1542693992 0.5)
(0 0.1579388865 0.5)
(1 0.1579388865 0.5)
(2 0.1579388865 0.5)
(0 0.1613680929 0.5)
(1 0.1613680929 0.5)
(2 0.1613680929 0.5)
(0 0.1645727522 0.5)
(1 0.1645727522 0.5)
(2 0.1645727522 0.5)
(0 0.1675675678 0.5)
(1 0.1675675678 0.5)
(2 0.1675675678 0.5)
(0 0.1703662806 0.5)
(1 0.1703662806 0.5)
(2 0.1703662806 0.5)
(0 0.1729817315 0.5)
(1 0.1729817315 0.5)
(2 0.1729817315 0.5)
(0 0.1754259206 0.5)
(1 0.1754259206 0.5)
(2 0.1754259206 0.5)
(0 0.1777100623 0.5)
(1 0.1777100623 0.5)
(2 0.1777100623 0.5)
(0 0.1798446366 0.5)
(1 0.1798446366 0.5)
(2 0.1798446366 0.5)
(0 0.1818394373 0.5)
(1 0.1818394373 0.5)
(2 0.1818394373 0.5)
(0 0.1837036168 0.5)
(1 0.1837036168 0.5)
(2 0.1837036168 0.5)
(0 0.1854457285 0.5)
(1 0.1854457285 0.5)
(2 0.1854457285 0.5)
(0 0.1870737652 0.5)
(1 0.1870737652 0.5)
(2 0.1870737652 0.5)
(0 0.1885951969 0.5)
(1 0.1885951969 0.5)
(2 0.1885951969 0.5)
(0 0.190017004 0.5)
(1 0.190017004 0.5)
(2 0.190017004 0.5)
(0 0.1913457101 0.5)
(1 0.1913457101 0.5)
(2 0.1913457101 0.5)
(0 0.1925874115 0.5)
(1 0.1925874115 0.5)
(2 0.1925874115 0.5)
(0 0.1937478052 0.5)
(1 0.1937478052 0.5)
(2 0.1937478052 0.5)
(0 0.1948322155 0.5)
(1 0.1948322155 0.5)
(2 0.1948322155 0.5)
(0 0.1958456178 0.5)
(1 0.1958456178 0.5)
(2 0.1958456178 0.5)
(0 0.1967926616 0.5)
(1 0.1967926616 0.5)
(2 0.1967926616 0.5)
(0 0.1976776923 0.5)
(1 0.1976776923 0.5)
(2 0.1976776923 0.5)
(0 0.1985047705 0.5)
(1 0.1985047705 0.5)
(2 0.1985047705 0.5)
(0 0.199277691 0.5)
(1 0.199277691 0.5)
(2 0.199277691 0.5)
(0 0.2 0.5)
(1 0.2 0.5)
(2 0.2 0.5)
)


// ************************************************************************* //
