/*--------------------------------*- C++ -*----------------------------------*\
  =========                 |
  \\      /  F ield         | OpenFOAM: The Open Source CFD Toolbox
   \\    /   O peration     | Website:  https://openfoam.org
    \\  /    A nd           | Version:  7
     \\/     M anipulation  |
\*---------------------------------------------------------------------------*/
FoamFile
{
    version     2.0;
    format      ascii;
    class       labelList;
    note        "nPoints:408  nCells:150  nFaces:653  nInternalFaces:247";
    location    "constant/polyMesh";
    object      neighbour;
}
// * * * * * * * * * * * * * * * * * * * * * * * * * * * * * * * * * * * * * //


247
(
1
3
2
4
5
4
6
5
7
8
7
9
8
10
11
10
12
11
13
14
13
15
14
16
17
16
18
17
19
20
19
21
20
22
23
22
24
23
25
26
25
27
26
28
29
28
30
29
31
32
31
33
32
34
35
34
36
35
37
38
37
39
38
40
41
40
42
41
43
44
43
45
44
46
47
46
48
47
49
50
49
51
50
52
53
52
54
53
55
56
55
57
56
58
59
58
60
59
61
62
61
63
62
64
65
64
66
65
67
68
67
69
68
70
71
70
72
71
73
74
73
75
74
76
77
76
78
77
79
80
79
81
80
82
83
82
84
83
85
86
85
87
86
88
89
88
90
89
91
92
91
93
92
94
95
94
96
95
97
98
97
99
98
100
101
100
102
101
103
104
103
105
104
106
107
106
108
107
109
110
109
111
110
112
113
112
114
113
115
116
115
117
116
118
119
118
120
119
121
122
121
123
122
124
125
124
126
125
127
128
127
129
128
130
131
130
132
131
133
134
133
135
134
136
137
136
138
137
139
140
139
141
140
142
143
142
144
143
145
146
145
147
146
148
149
148
149
)


// ************************************************************************* //
