
0.000321604205829
0.000184470580871
0.000230672200081
0.00023067971068
0.000230670600777
0.00023059048937
0.000230508473579
0.000230445553715
0.000230374899435
0.000230285361907
0.000230183720468
0.000230073083381
0.000229956458545
0.000229827239942
0.000229700624768
0.000229557567968
0.000229413867474
0.000229262232451
0.00022909825415
0.000228921768119
0.000228756256016
0.000228589152128
0.00022841448215
0.000228239908132
0.000228055571463
0.000227878741181
0.000227688960505
0.000227495420375
0.000227298131997
0.000227095979607
0.000226894409455
0.000226697086854
0.000226498512845
0.00022629939587
0.000226092611175
0.000225887899319
0.000225678062761
0.00022546913989
0.000225263749482
0.000225057957791
0.0002248542041
0.000224642471826
0.000224435099488
0.000224211660349
0.000223999849072
0.000223792843575
0.000223579948325
0.000223380477187
0.000223172609176
0.000222959479511
0.000222740154643
0.000222524903422
0.00022231535673
0.000222098750194
0.000221883275884
0.000221668820794
0.000221457247358
0.000221246999641
0.000221037660391
0.000220835170483
0.000220627578504
0.000220417585642
0.000220198169069
0.000219981416816
0.000219771909685
0.000219559991621
0.000219343963511
0.000219134358843
0.000218939027819
0.000218722087887
0.000218514935518
0.000218312309474
0.000218100194166
0.000217890198651
0.000217682996991
0.00021747224485
0.000217271453555
0.000217064205219
0.000216855399979
0.000216646888919
0.000216441603975
0.000216237231369
0.000216036640411
0.000215836976331
0.000215638412745
0.000215424150062
0.000215227188449
0.000215014877168
0.000214814466808
0.000214612337102
0.000214415419037
0.000214222798823
0.000214025046398
0.000213830061141
0.000213623465844
0.000213422008255
0.000213228095815
0.000213030689782
0.000212835854673
0.000212643923199
0.00021245353933
0.00021226634399
0.000212072127105
0.000211883336124
0.000211687581895
0.000211496630109
0.000211308175355
0.000211122139266
0.000210929164384
0.000210743181347
0.00021055928959
0.0002103754237
0.000210199954738
0.00021001547966
0.000209833298303
0.00020966469673
0.000209488063273
0.000209311980412
0.000209140692667
0.000208966429718
0.000208796696558
0.000208630762867
0.000208463442155
0.000208302583918
0.000208132376986
0.000207956828669
0.000207798177996
0.000207633930823
0.000207472036875
0.000207309648266
0.000207159279956
0.000207007267922
0.000206857884364
0.000206705662717
0.000206556087244
0.000206414496628
0.000206271030839
0.000206125439397
0.000205990702255
0.000205852162517
0.000205717010156
0.000205577444016
0.000205457628242
0.000205316282919
0.000205188747363
0.000205041440769
0.000204923201857
0.000204792954619
0.000204674532143
0.000204556721195
0.000204441893278
0.000204319131439
0.000204209352156
0.000204095065869
0.000203991407877
0.000203881495254
0.000203780236207
0.000203669541714
0.000203569706999
0.000203474441978
0.000203385744161
0.000203290840255
0.000203200434866
0.000203110804848
0.000203030489203
0.000202940189005
0.000202867823679
0.000202791387069
0.000202718184878
0.000202634638203
0.000202557972236
0.000202481061279
0.000202420911842
0.000202360346395
0.000202296991749
0.000202236106918
0.000202175374664
0.000202124360054
0.000202066816522
0.000202020242676
0.000201970721986
0.000201925117117
0.000201890129541
0.000201851545963
0.00020181105803
0.00020177022622
0.000201742114285
0.000201708252277
0.000201685074492
0.000201659716889
0.000201642549524
0.00020161634542
0.000201597409444
0.000201581425094
0.000201573841188
0.000201563955297
0.000201554826158
0.000201551904447
0.000201555329895
0.000201557974451
0.000201567804659
0.000201575561241
0.000201590387803
0.000201605773713
0.000201617044328
0.000201631647714
0.000201656236691
0.000201678462417
0.00020171954526
0.000201754849011
0.000201795902652
0.000201832341584
0.000201863787706
0.000201905655102
0.000201952884557
0.000201999452235
0.000202043812176
0.000202088114561
0.000202133377133
0.000202182238251
0.000202230468568
0.000202303999421
0.000202374353789
0.000202443560701
0.000202516673185
0.000202598010615
0.000202669303825
0.000202755805031
0.000202841596572
0.000202922050413
0.000203009146545
0.000203097769249
0.000203195359812
0.000203293887155
0.000203392999199
0.00020350421037
0.00020361526107
0.000203721669107
0.000203823982361
0.000203947625446
0.000204065094865
0.000204170133055
0.000204308438661
0.000204435501717
0.000204559478231
0.000204680066023
0.000204800404526
0.000204932023738
0.000205062258569
0.000205197483523
0.000205339824095
0.000205494435132
0.000205647579217
0.000205805859547
0.000205968661294
0.000206119786406
0.000206272139318
0.000206427858847
0.000206588974694
0.000206747973737
0.000206918029892
0.000207077936358
0.000207241365539
0.000207421538419
0.000207595762922
0.000207750836374
0.000207935951492
0.000208118009989
0.000208303654988
0.000208489568876
0.00020867663023
0.000208863017433
0.000209052436884
0.00020924874345
0.000209430298969
0.000209631189271
0.000209827262454
0.000210029170823
0.000210223434403
0.000210418535993
0.000210618838558
0.000210827517776
0.000211042559587
0.000211244189003
0.000211462184839
0.000211671929099
0.000211887887006
0.000212099165464
0.000212316832769
0.000212533506127
0.00021275931408
0.000212976122572
0.000213200689615
0.000213420208282
0.000213641580683
0.000213863354714
0.000214081715014
0.000214313881435
0.000214549775309
0.000214776015094
0.000215008913303
0.000215243790736
0.000215476067376
0.000215719778934
0.000215947003167
0.000216181112409
0.000216419022154
0.000216657424172
0.000216902858738
0.000217142883143
0.000217383659138
0.00021762447136
0.00021785468757
0.000218101180757
0.000218354076632
0.000218606096691
0.000218842406758
0.000219090421091
0.000219333463214
0.000219587592606
0.000219829985263
0.000220079310473
0.000220328018035
0.000220576508588
0.000220830987441
0.000221090594048
0.000221348694199
0.000221588342454
0.000221843005386
0.000222088270965
0.000222353885385
0.000222608032142
0.000222864080242
0.000223119927444
0.000223377064377
0.00022364679393
0.00022391485668
0.000224168344545
0.000224419513348
0.000224685779118
0.000224934417987
0.000225194750908
0.00022545906519
0.000225733398699
0.000225993453973
0.000226260269643
0.000226537201771
0.000226803823408
0.0002270673722
0.000227329846331
0.000227599869184
0.000227865741729
0.000228130723039
0.000228391104598
0.000228660217926
0.00022892272774
0.000229201903201
0.000229474348274
0.000229738005954
0.000229999984943
0.000230278180089
0.000230556322379
0.00023081751183
0.000231102977649
0.00023137754079
0.000231645703201
0.000231915066661
0.000232195976286
0.000232475018267
0.000232743845422
0.000233015865435
0.000233285651294
0.000233565655858
0.00023383057099
0.000234114955406
0.000234396442138
0.000234672211783
0.0002349503862
0.000235228620649
0.000235507918567
0.000235773314522
0.00023604506428
0.00023633347352
0.000236613382458
0.000236885288908
0.000237163160544
0.000237435262304
0.000237711676116
0.00023798872406
0.000238261807469
0.000238532545191
0.000238821705664
0.00023909898706
0.000239382381467
0.000239659703378
0.000239929320989
0.000240216420409
0.000240483988538
0.000240771221439
0.000241052268414
0.000241334049931
0.000241617085848
0.00024189629501
0.000242170968524
0.000242448749936
0.000242731535492
0.000243012207173
0.000243285590247
0.000243574103499
0.000243842066207
0.000244123453774
0.000244392890929
0.000244675076322
0.000244954526085
0.000245234728739
0.000245509945096
0.00024579306441
0.000246074803467
0.000246351132069
0.000246629211485
0.000246913366116
0.000247193268586
0.000247461472826
0.000247742450861
0.000248010931522
0.000248280404226
0.000248563154205
0.000248842444167
0.000249111933248
0.000249383801598
0.000249655344198
0.000249929359213
0.000250206138456
0.000250475177004
0.000250741998295
0.00025101931064
0.000251287106905
0.000251559790631
0.000251824431165
0.00025209766387
0.000252365756332
0.000252640984607
0.000252892407313
0.00025315886021
0.000253424469043
0.00025370105489
0.000253966459977
0.000254230494044
0.000254485280633
0.000254737823461
0.000255001951267
0.000255262621635
0.000255516598794
0.000255766244764
0.000256023433817
0.000256277562177
0.000256526549248
0.000256782318519
0.000257043665471
0.000257292743092
0.000257549664822
0.000257801224497
0.000258053200346
0.000258296063142
0.000258544190494
0.000258802940615
0.000259036830437
0.000259282900223
0.000259525801695
0.000259761407435
0.000260001874615
0.000260235003188
0.000260472322899
0.000260708178054
0.0002609284388
0.000261165396627
0.000261396029865
0.000261617023033
0.000261842564521
0.000262069296993
0.000262288375655
0.000262513570372
0.000262744697846
0.000262960752699
0.000263170769092
0.000263383893152
0.000263596513397
0.000263807585869
0.000264027766112
0.000264239948705
0.000264437033906
0.000264640549933
0.000264845365438
0.000265051142143
0.000265245017413
0.000265437447996
0.000265633138074
0.000265830723931
0.000266027658204
0.000266223779344
0.000266407386414
0.000266589378762
0.000266771991295
0.000266959048036
0.000267139488624
0.000267316506154
0.00026749225452
0.000267676012995
0.000267849484905
0.00026801820295
0.000268188037449
0.000268355500419
0.000268529482965
0.000268693762147
0.000268843472706
0.000268994607183
0.000269156510045
0.000269307235502
0.000269462774051
0.000269611163733
0.000269761053486
0.000269912828079
0.000270040708939
0.000270180748599
0.000270330551467
0.000270469388948
0.000270603212174
0.00027073969366
0.000270875676081
0.000271005890012
0.000271128825399
0.000271247086449
0.000271366225049
0.000271478067744
0.000271603703334
0.000271720604568
0.00027183674836
0.000271940750892
0.000272055776543
0.000272167298175
0.000272277914291
0.000272371737198
0.000272470639895
0.000272561143058
0.000272644466734
0.00027273218321
0.000272831298846
0.000272926822132
0.00027301718509
0.000273097385444
0.000273186938476
0.000273269438356
0.000273351569808
0.000273426915443
0.000273499711374
0.000273568698567
0.000273640388872
0.00027370693538
0.00027378164178
0.000273847831318
0.000273908338079
0.000273971485797
0.000274030256002
0.000274082221669
0.000274132469822
0.000274186495901
0.000274232739413
0.000274282221187
0.000274328521955
0.00027436262011
0.000274401256666
0.000274460212009
0.000274497008498
0.000274535152186
0.00027456430134
0.000274595589528
0.000274634750089
0.000274667657156
0.000274684944802
0.000274701654894
0.000274730535109
0.000274749161512
0.000274765081168
0.00027479034653
0.000274803483188
0.000274815273164
0.000274827014497
0.000274847973932
0.000274869276326
0.000274882207586
0.000274888325896
0.000274890713146
0.000274899831271
0.000274902126886
0.00027490415058
0.000274905518679
0.000274903535727
0.000274902666106
0.000274895662057
0.000274890167405
0.000274883132553
0.00027487696782
0.000274855855714
0.000274848323863
0.000274842344503
0.000274835652573
0.000274818581457
0.000274801450473
0.000274786374949
0.000274769185082
0.000274747655098
0.00027473150449
0.000274713480964
0.000274694154413
0.000274667919955
0.000274647528725
0.000274629677214
0.000274602001805
0.000274573276699
0.000274543992593
0.000274516992094
0.000274483726123
0.000274453091973
0.000274421339439
0.000274383696765
0.000274346274353
0.000274308775446
0.000274267820427
0.000274236434601
0.000274202811713
0.000274162290638
0.000274126819182
0.000274082854717
0.000274042993129
0.000274001362581
0.000273959579881
0.000273922315349
0.000273880408807
0.000273836484418
0.000273789518117
0.000273733921387
0.000273691037932
0.000273648357344
0.000273600864244
0.000273556870911
0.000273501526395
0.000273451786463
0.000273406628115
0.000273350983007
0.000273294381977
0.000273238329986
0.000273185961154
0.000273134588518
0.000273079758935
0.000273025109884
0.000272968398293
0.000272914910729
0.0002728606823
0.00027280249084
0.000272744148737
0.000272682169772
0.000272618002079
0.000272558585309
0.000272494532743
0.000272438118473
0.000272375833707
0.000272316364265
0.000272254210009
0.000272192512621
0.000272131344035
0.000272068258452
0.000272005411654
0.000271943925491
0.000271878915258
0.000271817912167
0.000271745823412
0.000271677012411
0.000271602099037
0.000271539007587
0.000271475083684
0.000271406930904
0.000271340257915
0.000271268905717
0.000271202285699
0.000271137911772
0.000271073198306
0.000271001160945
0.000270925360298
0.000270857148638
0.000270783381579
0.000270712792023
0.000270650047246
0.000270581996596
0.000270509262401
0.000270449728999
0.000270372131743
0.000270295955602
0.000270227697396
0.000270157898469
0.00027008029784
0.000270007834074
0.000269931336967
0.000269856720714
0.000269790072389
0.000269718729859
0.000269653123148
0.00026958303022
0.000269511384108
0.000269438132398
0.000269364674517
0.000269296460247
0.000269215301142
0.000269145755423
0.000269080300687
0.000269004836533
0.000268940848234
0.000268864506218
0.000268798357839
0.000268725408519
0.000268651986734
0.000268591229212
0.000268523862713
0.00026845618692
0.000268382567343
0.000268303708091
0.000268236399016
0.000268172125464
0.000268099076858
0.00026803316942
0.00026796450687
0.000267895335638
0.000267833020712
0.000267765032382
0.000267699052009
0.000267637626156
0.000267585669241
0.000267517202725
0.000267452452207
0.000267387279849
0.000267325973542
0.000267271537543
0.00026721649279
0.000267154569405
0.000267094152347
0.000267023522762
0.000266964276846
0.000266909795377
0.000266855511482
0.000266801095535
0.000266746023857
0.000266690124713
0.000266631853269
0.000266580801456
0.000266521953272
0.00026647577435
0.000266420505458
0.000266365962772
0.000266312479434
0.000266266741429
0.000266218571966
0.000266169403895
0.000266120254565
0.000266076049778
0.000266028471872
0.000265986709285
0.000265943018458
0.000265901981475
0.00026585409846
0.00026581204211
0.000265768838418
0.000265725221783
0.000265693494262
0.000265651533236
0.000265613846712
0.000265573927813
0.000265534136179
0.000265504836861
0.000265470560684
0.00026543253988
0.000265400750763
0.000265357636782
0.000265328953247
0.000265302642074
0.000265270841924
0.000265236864777
0.000265208898315
0.000265181938393
0.000265156486401
0.000265131177624
0.000265102249715
0.000265071611984
0.000265050223
0.00026502670561
0.000265001176173
0.000264980279294
0.000264955697831
0.000264927125209
0.000264898106207
0.000264880320964
0.000264861638862
0.000264844153559
0.000264824365739
0.000264792789001
0.000264775432724
0.000264758777674
0.000264735676562
0.000264713246041
0.000264693556046
0.000264671179606
0.000264652872642
0.000264638306707
0.00026462718169
0.000264605552934
0.000264583115015
0.000264564027425
0.000264545760213
0.000264525261579
0.000264507963855
0.000264492083843
0.000264475975135
0.000264457757367
0.00026444539268
0.000264426971618
0.000264408092734
0.000264389629455
0.000264364112614
0.000264345756933
0.000264324787906
0.000264297805826
0.000264286391952
0.000264267013517
0.000264240722073
0.000264212592532
0.000264196585042
0.000264178372177
0.000264142008494
0.000264121858652
0.000264088945849
0.000264057090086
0.000264030304454
0.000263998314874
0.000263971408423
0.000263940850999
0.000263904755122
0.000263865650837
0.000263834909678
0.000263797909222
0.000263765214338
0.000263722033004
0.000263683073084
0.000263635809199
0.00026358687751
0.000263547922218
0.000263499503194
0.000263446116613
0.000263391646765
0.000263338845399
0.000263280938663
0.000263227048698
0.000263173300387
0.00026312251145
0.000263063218981
0.000262994326207
0.000262938471115
0.000262868273779
0.000262799232365
0.000262732685682
0.000262665259737
0.000262594803233
0.000262517979462
0.000262437067064
0.000262357569775
0.000262277256706
0.000262192198622
0.000262107690445
0.000262018280299
0.000261935233548
0.000261847011348
0.000261746533361
0.000261655414862
0.000261557994142
0.000261457134531
0.000261364017697
0.000261256662476
0.000261159128091
0.000261052213889
0.000260946676474
0.000260839483389
0.000260742757266
0.000260627254234
0.000260521241214
0.00026041228988
0.000260287180661
0.000260166255872
0.000260046582647
0.000259927343776
0.000259816860694
0.000259688942529
0.00025957027119
0.000259450879615
0.000259328314643
0.00025919755042
0.000259069046892
0.000258947335858
0.00025881866083
0.000258690005969
0.00025855251229
0.000258422488845
0.000258287813513
0.000258147957025
0.000258009300558
0.000257874934148
0.000257739113071
0.000257607267962
0.00025747413525
0.000257333508591
0.000257189051229
0.00025704603965
0.000256905596329
0.000256770167136
0.000256638274196
0.000256497214989
0.000256361612537
0.000256217876123
0.000256073621995
0.000255938702349
0.00025580586398
0.00025566928067
0.000255529949288
0.000255386100426
0.000255249382703
0.000255103040247
0.000254958508995
0.000254819312764
0.000254682085325
0.000254546725101
0.000254401644357
0.000254263968551
0.000254128132757
0.000253995166846
0.000253865018164
0.000253730885649
0.000253595361922
0.000253458730318
0.00025332260609
0.000253184320193
0.000253050672252
0.000252923286921
0.000252784640314
0.000252649001934
0.000252511723509
0.000252388484108
0.000252275487453
0.000252152513487
0.000252030791566
0.000251904309024
0.000251781135669
0.000251657284547
0.000251532336497
0.000251412765636
0.000251289908034
0.000251174956421
0.000251064839468
0.000250950374854
0.000250831338661
0.000250719250801
0.000250605509374
0.00025049892953
0.000250380773113
0.000250274205117
0.00025017170134
0.000250065095173
0.000249958527178
0.000249865112937
0.000249763099849
0.000249661362331
0.000249561432642
0.000249468671222
0.000249378242614
0.000249277363339
0.000249182934752
0.000249091178519
0.000249004618591
0.000248919328875
0.000248824841466
0.00024873321002
0.000248656731095
0.000248579498267
0.000248493490992
0.00024841459032
0.00024834071771
0.000248263108643
0.000248178347538
0.000248104443105
0.000248029949813
0.000247959764147
0.000247888131756
0.000247827656141
0.000247756753633
0.000247683408448
0.000247617498769
0.000247554671733
0.000247495183729
0.000247425970507
0.000247361273343
0.000247299583938
0.000247246660149
0.000247188857083
0.000247134190683
0.000247086972374
0.000247034849299
0.00024698484478
0.000246934228405
0.00024688289991
0.000246831231835
0.000246785537434
0.000246743247532
0.000246699023306
0.000246650656677
0.00024660076663
0.000246561750183
0.00024651721156
0.000246472661915
0.000246434695697
0.00024640471945
0.000246365899539
0.000246334807846
0.00024629933026
0.000246263614011
0.000246227591589
0.000246208139879
0.000246178645117
0.000246142713737
0.000246119580155
0.000246087110816
0.000246066154049
0.000246037885321
0.000246014842028
0.000245993342787
0.000245975321174
0.000245954256332
0.000245926983373
0.000245907309952
0.000245891007571
0.000245876262285
0.000245862447846
0.000245854231349
0.000245845864956
0.000245833748989
0.000245824168899
0.000245815045495
0.000245803466414
0.000245796324456
0.000245790309848
0.000245783401822
0.000245775419894
0.000245777766075
0.000245768482189
0.000245757414797
0.000245750364371
0.000245744804242
0.000245746209983
0.000245751661094
0.000245745245023
0.000245750259944
0.000245748961384
0.000245757886733
0.00024576255858
0.00024578019777
0.000245783616674
0.000245790355744
0.000245797125841
0.000245803845265
0.000245800115687
0.000245804799042
0.00024582085643
0.000245836277604
0.000245852941033
0.000245860662081
0.000245863440871
0.000245876666108
0.000245884882713
0.000245895444946
0.000245913060415
0.000245926173784
0.000245942057143
0.000245960087694
0.000245982461194
0.000245994839886
0.000246013297372
0.000246043580003
0.000246064341521
0.000246086418607
0.000246099472464
0.000246121257128
0.000246138249672
0.00024616284647
0.000246193169059
0.000246216930227
0.000246242488575
0.000246271897798
0.000246307325673
0.000246333806157
0.000246359734706
0.000246387226274
0.00024641353435
0.000246436114492
0.000246462922765
0.000246504814954
0.00024653131105
0.000246574981497
0.000246610760092
0.000246640611976
0.000246678491551
0.000246719062961
0.000246761182899
0.000246797713209
0.000246828095841
0.000246867479867
0.000246912244334
0.000246954860507
0.000246995695069
0.000247028403257
0.000247065933673
0.000247119850726
0.000247160229662
0.000247198317204
0.000247238918375
0.000247287189831
0.000247338441701
0.000247386443431
0.000247434572607
0.000247477628679
0.000247529353626
0.000247569342815
0.000247618166864
0.000247671311745
0.000247727577869
0.000247778440568
0.000247830321805
0.00024788751986
0.000247948584936
0.000247990314806
0.0002480549827
0.000248109736203
0.000248175325988
0.000248233354028
0.000248290007514
0.000248355964764
0.000248420842392
0.000248480557918
0.000248537352791
0.000248595592445
0.000248667461809
0.000248730067935
0.000248796503722
0.000248857767013
0.000248937271552
0.000249009054706
0.000249080547481
0.00024914328106
0.000249208860708
0.000249286507657
0.000249361440842
0.00024943028111
0.000249504673586
0.000249579661899
0.000249648071525
0.000249711903106
0.000249787913988
0.000249873508458
0.000249945069944
0.000250025609842
0.000250116322439
0.000250194722563
0.000250271631815
0.000250351782596
0.000250432483159
0.000250516528835
0.000250594116201
0.000250677944448
0.00025076179946
0.000250843878904
0.000250938390935
0.000251027068949
0.000251112409492
0.000251195994764
0.000251284005301
0.000251376148023
0.000251461932445
0.000251539319589
0.000251622047618
0.000251715893495
0.000251807009301
0.000251885936539
0.000251976604701
0.000252071359455
0.000252164995142
0.000252253099029
0.000252334710627
0.000252426545684
0.000252516241761
0.00025261901846
0.000252716236516
0.000252808569087
0.000252893770207
0.00025298388132
0.000253071823218
0.000253160835701
0.000253246454648
0.000253341128755
0.000253436405066
0.000253524450473
0.000253619653
0.00025370604906
0.000253802619653
0.000253899628913
0.000253987940932
0.000254070675201
0.000254170197634
0.000254261377968
0.000254351604478
0.00025445585897
0.000254545198866
0.000254645055496
0.000254733289407
0.000254813788764
0.000254906908551
0.000254990562618
0.000255086324489
0.000255170988358
0.000255249049454
0.000255350503744
0.00025543442625
0.000255518207913
0.000255596505353
0.000255687423761
0.000255780022016
0.000255868279153
0.000255957611157
0.000256038841673
0.000256126331194
0.000256213555475
0.000256304688659
0.00025639274667
0.000256478402578
0.000256564203424
0.000256648193247
0.000256737034988
0.000256810814576
0.000256898429513
0.000256970299596
0.000257039662313
0.000257119801705
0.000257190463175
0.000257262854495
0.00025733789948
0.000257422875868
0.000257500743871
0.000257565764198
0.000257639232179
0.000257716549317
0.000257785549675
0.000257861801977
0.000257924725128
0.00025801365775
0.000258081288058
0.000258148992659
0.000258214941132
0.000258287805263
0.000258339593448
0.000258405917132
0.000258462994747
0.000258530124884
0.000258593839452
0.000258657750151
0.000258709900881
0.000258775576026
0.000258838516613
0.000258887090192
0.000258928884449
0.000258978538179
0.00025903997038
0.000259098140281
0.000259150823326
0.000259191481218
0.000259244984376
0.000259300211959
0.00025933904032
0.000259385211975
0.000259431012301
0.000259484939796
0.000259517769348
0.000259559740326
0.000259593427922
0.000259637768162
0.000259675062428
0.000259715679609
0.000259755571074
0.000259793665317
0.000259827120842
0.000259851022214
0.000259882940365
0.000259915465415
0.00025993768283
0.000259955829514
0.000259985192158
0.00026000804235
0.000260035858742
0.000260059797922
0.000260085422925
0.000260099418597
0.000260113256408
0.000260128237765
0.000260129861659
0.000260146570665
0.000260158219529
0.000260162568478
0.000260167399861
0.0002601922417
0.000260199956755
0.000260209413668
0.000260215092142
0.00026021038057
0.000260216930056
0.00026021308845
0.00026021543517
0.000260220251284
0.000260213340475
0.00026022455026
0.000260215694018
0.000260211714406
0.000260201527455
0.000260195437824
0.000260193986678
0.000260182948406
0.000260173801149
0.000260162575074
0.000260148549096
0.000260143175014
0.000260135928231
0.000260129983169
0.00026011768491
0.000260100901167
0.000260076033188
0.000260071494428
0.000260060241499
0.000260043760224
0.000260009495457
0.000259990717712
0.000259976859814
0.000259952424317
0.000259939706206
0.000259930165456
0.000259910359946
0.000259874436773
0.000259860255668
0.00025983545489
0.00025982420169
0.000259803395677
0.000259781811642
0.000259761352379
0.000259733029664
0.000259708179231
0.00025969010838
0.000259668830639
0.000259643151305
0.000259626774303
0.000259603570138
0.000259584541688
0.000259559226836
0.000259530005663
0.000259510053832
0.000259479447193
0.000259449365572
0.000259432231375
0.000259406532553
0.000259376016441
0.000259346908718
0.000259325090459
0.000259299851076
0.000259282723437
0.000259263012216
0.000259236106559
0.000259213257917
0.000259194772825
0.000259175014849
0.000259142807344
0.000259127405414
0.000259106074135
0.000259079993866
0.000259058895769
0.000259047535483
0.000259032554129
0.000259005693135
0.00025897684636
0.000258957292629
0.000258929782201
0.000258910678941
0.00025890128294
0.000258880912609
0.000258854026116
0.000258833944196
0.000258816062711
0.00025880351924
0.000258779211389
0.000258769863246
0.000258748930407
0.000258725479662
0.000258710841322
0.000258691548516
0.000258670626337
0.000258657333654
0.000258640129596
0.000258627843699
0.000258615354452
0.000258606741149
0.000258587894023
0.000258579757745
0.000258561424974
0.0002585441583
0.000258536248216
0.000258517849082
0.000258500014967
0.000258488872232
0.00025847842655
0.000258462125444
0.000258451883205
0.000258429865819
0.000258428914265
0.000258420982936
0.000258406465547
0.000258397327614
0.000258385943699
0.000258389674441
0.000258375443932
0.000258366203592
0.000258349778115
0.000258338192974
0.000258332430483
0.000258318850941
0.000258313193858
0.000258314866952
0.000258296305079
0.00025829640775
0.000258295058944
0.000258283728165
0.000258276538557
0.000258275948583
0.000258273953472
0.000258265895935
0.000258261478878
0.000258263893193
0.000258254827695
0.000258255991031
0.000258256265804
0.000258246499738
0.000258235131662
0.000258236983053
0.000258230860624
0.000258231876558
0.000258227993012
0.00025821768203
0.00025821608562
0.00025821385309
0.00025821749819
0.000258217013585
0.000258217241334
0.000258220001297
0.000258214126523
0.000258216926441
0.000258214700973
0.000258214504626
0.000258208763263
0.000258208623525
0.000258205913124
0.00025821048594
0.000258213226076
0.000258218665747
0.00025821076731
0.000258206053528
0.000258204059109
0.000258203620728
0.000258198613192
0.00025819731119
0.000258195000854
0.000258206684743
0.000258220420269
0.000258216712607
0.000258214483679
0.000258211697314
0.000258208352442
0.000258209267872
0.000258214682702
0.000258216626094
0.000258209571586
0.000258208328246
0.000258204221526
0.000258222265243
0.000258214797243
0.00025821110418
0.000258210104719
0.000258215099268
0.000258213985402
0.000258211781107
0.000258213436879
0.000258215151483
0.000258220795256
0.000258228156804
0.000258234364082
0.000258232130055
0.000258232591317
0.000258227446399
0.000258219487416
0.000258226653497
0.000258223119302
0.000258221774424
0.000258231507083
0.000258228289535
0.000258217930117
0.0002582182473
0.000258226339206
0.000258212189373
0.000258207371386
0.000258210218579
0.000258205264662
0.000258206251589
0.000258204940878
0.000258199039603
0.00025819509151
0.000258191907045
0.000258185846478
0.000258189431841
0.000258170172193
0.000258160975472
0.000258158905129
0.000258154288389
0.000258143232452
0.000258135521543
0.000258133366211
0.000258128932145
0.000258122395084
0.000258109664257
0.000258108616028
0.000258104281809
0.000258089749454
0.000258071340277
0.00025804974633
0.000258035675277
0.000258021130126
0.00025801572146
0.00025799358326
0.000257986653832
0.000257965576287
0.000257955446025
0.000257939789394
0.000257923058306
0.000257908809579
0.000257885078443
0.000257867041934
0.000257848792811
0.000257826577694
0.000257807992428
0.000257792405463
0.000257768274461
0.000257742034212
0.00025771629166
0.000257677705576
0.000257656055617
0.000257621198154
0.000257584934099
0.000257554675997
0.000257523561159
0.000257499266752
0.000257473000923
0.000257438801484
0.000257405498466
0.000257364503803
0.000257326135349
0.000257285724452
0.000257240906209
0.000257204908397
0.000257164767719
0.00025712586867
0.000257090208376
0.000257044071327
0.00025700856772
0.000256963321787
0.000256908772989
0.000256859908586
0.000256807330243
0.000256759648686
0.000256702838015
0.000256644488789
0.000256591972978
0.000256533007625
0.000256473358274
0.000256417397223
0.000256358474041
0.000256288902774
0.000256222376639
0.000256163398142
0.000256094057178
0.000256022611065
0.000255960050015
0.000255884284699
0.000255815224208
0.0002557393145
0.000255669223529
0.000255593631832
0.000255517589524
0.000255446314561
0.000255358789464
0.000255283136864
0.000255198134616
0.00025511210226
0.000255028715501
0.000254941074309
0.000254850248077
0.000254753500718
0.000254661597333
0.000254567971791
0.000254472318357
0.000254375937141
0.000254281546955
0.000254185744494
0.000254089299186
0.000253982331645
0.000253879406963
0.000253787300808
0.00025367782193
0.000253579693416
0.000253476475481
0.000253363216771
0.000253250416974
0.000253150103293
0.0002530443797
0.000252917532043
0.000252806477602
0.000252698354071
0.000252575790242
0.000252455218385
0.000252343753672
0.000252221114103
0.000252101277891
0.000251977110834
0.000251855943802
0.000251736791902
0.000251617678207
0.00025149486446
0.000251370058041
0.000251238501274
0.000251107812669
0.000250980374042
0.000250847837665
0.000250724933527
0.000250592203829
0.000250457643091
0.000250327954754
0.000250203540988
0.000250065764254
0.000249932729211
0.000249787192458
0.000249648209965
0.00024952300721
0.000249381171856
0.000249248405311
0.000249112145397
0.000248974274074
0.000248832768129
0.000248697937718
0.000248565986414
0.000248420632249
0.000248276460989
0.000248146532141
0.00024800183354
0.000247857916065
0.00024772028007
0.000247578995224
0.000247438741363
0.000247297617951
0.000247166985786
0.000247020071176
0.000246882697823
0.000246746688506
0.000246613737401
0.000246469344652
0.000246316117076
0.000246179042434
0.000246029312804
0.000245887851327
0.000245743885575
0.000245614816813
0.000245475298141
0.000245345906854
0.000245217712842
0.000245076999407
0.00024492671188
0.000244786396472
0.000244638969399
0.000244502811664
0.000244361877351
0.000244229346545
0.000244100128837
0.000243960751481
0.000243821998367
0.000243688552608
0.00024355214472
0.000243405336493
0.00024327606246
0.000243140629984
0.000243015805753
0.000242886007708
0.000242750047682
0.00024262147492
0.000242497748954
0.000242364854047
0.000242235800959
0.00024210098047
0.00024196437664
0.000241830980734
0.000241710584336
0.000241579542603
0.000241456926151
0.000241331801876
0.000241210457573
0.000241093157131
0.000240975740559
0.000240844762607
0.000240723778677
0.000240601532058
0.000240480211011
0.000240358683029
0.000240234134287
0.000240115289775
0.000240000026302
0.00023988593259
0.000239771327613
0.000239658139666
0.000239547502558
0.000239431796311
0.000239321612046
0.000239212896324
0.000239102810306
0.00023898950724
0.000238879835756
0.000238770636471
0.000238662145341
0.000238543007387
0.000238447243141
0.000238347914528
0.000238246972631
0.000238144340309
0.00023804204679
0.000237942284555
0.0002378491475
0.000237754614911
0.00023764939305
0.000237555133779
0.000237469262059
0.000237374666668
0.000237279567182
0.000237196699155
0.000237105871349
0.000237026888834
0.000236942096859
0.000236862388073
0.000236776029967
0.000236685589401
0.000236609061214
0.000236533387505
0.000236453266355
0.00023637720657
0.000236295815807
0.0002362128644
0.000236150401346
0.000236069016422
0.000235998844809
0.000235932040469
0.000235865572361
0.000235802958528
0.000235739990675
0.000235669772037
0.000235602104161
0.00023553680306
0.000235475839328
0.000235411534781
0.000235354634174
0.000235287989442
0.000235229274761
0.000235175666815
0.000235124518922
0.000235063888952
0.000235007410471
0.000234964492536
0.000234915690459
0.00023487279594
0.000234829351029
0.000234786196971
0.00023474187416
0.000234697537541
0.000234655139786
0.000234614399524
0.000234576141322
0.000234547846429
0.000234501478542
0.000234460986218
0.000234438823361
0.000234409285642
0.000234367576304
0.000234327800281
0.000234305121014
0.000234275068535
0.000234249680797
0.000234212510913
0.000234183847619
0.000234162634833
0.000234138164909
0.00023411956462
0.000234097473039
0.000234081388428
0.000234062655229
0.00023405255093
0.000234024777111
0.000234007052634
0.000233993992901
0.000233984703338
0.000233965833969
0.000233963662176
0.000233950017923
0.000233933706035
0.000233916386721
0.000233915807036
0.000233898856965
0.000233899729965
0.0002338899583
0.000233889854585
0.000233889630716
0.000233892221341
0.000233900089841
0.000233898227761
0.00023390401637
0.000233906783409
0.000233909468722
0.000233915534464
0.000233919007241
0.000233939250188
0.0002339476647
0.000233966475505
0.000233982936532
0.000233987723325
0.000234004104406
0.000234025569915
0.000234042545495
0.000234055999329
0.000234068024809
0.000234094490121
0.000234119662022
0.000234148342712
0.000234169514755
0.000234201655339
0.000234226173969
0.000234265651808
0.000234295012509
0.00023433423611
0.000234367576158
0.000234411421173
0.000234447722063
0.000234481733117
0.000234524864806
0.000234563209082
0.000234609668563
0.000234645842934
0.000234691921755
0.000234742135451
0.000234785075964
0.000234837038965
0.000234896212099
0.000234946927616
0.000235005594584
0.000235077270744
0.000235139934392
0.000235203707118
0.0002352584129
0.000235333252821
0.000235395517566
0.000235465270587
0.000235538843235
0.000235608700516
0.000235697316513
0.000235771641372
0.000235843613953
0.000235911338314
0.00023599048485
0.000236067586669
0.000236143697552
0.00023623156588
0.000236313706617
0.000236404893744
0.0002364914916
0.000236585309752
0.000236691477436
0.000236789704557
0.000236887018135
0.000236991773847
0.000237082564987
0.000237185960038
0.000237287966933
0.000237403741244
0.000237505596671
0.000237614656784
0.000237718377006
0.000237811411655
0.000237933547754
0.000238042770396
0.000238154604742
0.000238274246025
0.000238397993448
0.000238524335493
0.00023864520533
0.000238758589096
0.000238892326402
0.000239019178444
0.000239156517551
0.000239290922276
0.000239424284046
0.000239546575299
0.000239688713334
0.000239819374301
0.000239953303123
0.00024009386081
0.000240231569163
0.000240380395039
0.000240523513032
0.000240671417082
0.000240812256236
0.000240956936598
0.000241091046477
0.000241239652748
0.000241398733524
0.00024155512418
0.00024169855532
0.000241845654794
0.000241997826037
0.000242150046101
0.000242320524912
0.000242467204949
0.00024262548502
0.000242784730918
0.000242947289541
0.00024310528935
0.000243261759183
0.000243424928184
0.000243582633248
0.000243754978929
0.000243912679462
0.000244074987351
0.000244258441821
0.000244416144917
0.000244587141567
0.000244758665746
0.000244914862723
0.000245086780235
0.000245244794944
0.000245411475682
0.000245581643442
0.000245734809445
0.000245909189561
0.000246076780581
0.0002462544008
0.000246422285181
0.000246587819192
0.000246761904538
0.000246933422356
0.000247103489367
0.000247271335238
0.0002474360522
0.000247608630571
0.000247789060875
0.000247967110962
0.000248147781508
0.000248311224506
0.000248476220142
0.000248652936963
0.000248828001682
0.00024900051581
0.000249155348279
0.000249312756812
0.000249487838491
0.000249649453966
0.000249820191671
0.000249982358716
0.000250136451993
0.000250305464115
0.000250475315115
0.000250634559197
0.000250801537689
0.000250960568541
0.000251122719744
0.00025127812824
0.000251434159147
0.000251595958458
0.000251757224507
0.000251913660456
0.000252069905111
0.000252229239083
0.00025238786952
0.000252536817806
0.000252685935729
0.000252839849177
0.00025299394394
0.000253150005469
0.000253297586421
0.000253452363114
0.000253605174087
0.00025375038868
0.000253889607936
0.000254035940385
0.000254180317482
0.000254331112021
0.000254464330728
0.000254599281148
0.00025473593095
0.000254880685314
0.000255022114865
0.000255150423907
0.000255283871366
0.000255423871565
0.000255552113062
0.00025569107311
0.000255811606889
0.000255940326806
0.000256061626839
0.000256184427057
0.000256313527314
0.000256447678145
0.000256569526448
0.000256678176338
0.000256789276441
0.000256902800534
0.000257026681067
0.000257144465783
0.000257262751615
0.000257371833561
0.000257483565663
0.000257590303289
0.000257701623166
0.000257801622651
0.000257904737892
0.000258014974944
0.000258123535803
0.000258214120726
0.00025829421342
0.000258393276725
0.000258480804285
0.000258572298346
0.00025865617248
0.000258761614776
0.000258843153058
0.000258933358168
0.00025901898217
0.000259104300167
0.000259191956881
0.00025926946848
0.000259351668504
0.000259433872392
0.00025952400726
0.000259590591502
0.000259661436364
0.000259746949932
0.000259807549732
0.000259885910074
0.000259971114087
0.000260030826062
0.000260097169787
0.000260167803059
0.000260232781852
0.000260297614828
0.0002603567014
0.000260426380627
0.000260504193204
0.000260566146044
0.000260629135802
0.000260691549381
0.00026075325946
0.000260810246901
0.000260871449998
0.00026092550258
0.000260964725891
0.000261015870097
0.000261075191337
0.000261135643773
0.000261187100633
0.000261245191633
0.000261291058957
0.000261352480266
0.000261407549762
0.000261460662464
0.000261526222033
0.000261583126841
0.000261635097173
0.000261697106217
0.000261749693378
0.00026180507818
0.00026186726894
0.000261913532974
0.000261961740477
0.000262009660694
0.000262062832928
0.000262114869336
0.000262169366654
0.000262235561138
0.000262293006531
0.000262330549219
0.000262373229804
0.000262431952124
0.000262488335033
0.000262549747127
0.000262619965735
0.000262674616053
0.000262736082884
0.000262800747196
0.000262847353415
0.000262899538624
0.000262961382151
0.000263012837284
0.000263071992451
0.000263138174647
0.00026319536896
0.000263261262531
0.000263317779061
0.000263377108594
0.000263431600942
0.000263488931511
0.00026355822728
0.000263625290039
0.000263678839459
0.000263761338476
0.000263823603788
0.000263896525095
0.000263957988596
0.000264018038271
0.000264097577682
0.000264168053274
0.000264241200969
0.000264314342567
0.00026439257322
0.000264471015572
0.000264559014246
0.000264639640318
0.00026470747528
0.000264786620054
0.00026486558937
0.000264943288854
0.000265019095384
0.000265110218847
0.000265191732149
0.000265260923758
0.000265352760837
0.000265443087916
0.000265515049958
0.000265602390876
0.000265692926628
0.000265775270943
0.000265870102228
0.000265964101572
0.00026606245279
0.000266141732013
0.00026622338853
0.000266311927376
0.000266400955927
0.000266495734223
0.000266594323957
0.000266688216628
0.000266786806998
0.000266888416161
0.000266979737713
0.000267080986664
0.000267189589612
0.000267291532166
0.000267393235902
0.000267501670521
0.000267608452198
0.000267709780283
0.000267818327939
0.000267924691351
0.000268032432361
0.000268138343189
0.000268239542535
0.000268359213961
0.000268457787198
0.00026856381205
0.000268677141438
0.000268784355864
0.000268886728542
0.000269007542973
0.000269128582237
0.000269252197196
0.000269362317875
0.000269479245435
0.000269593958659
0.00026970357087
0.000269806983312
0.000269932937553
0.00027005282524
0.00027016752101
0.000270295150341
0.000270415576594
0.000270539430675
0.000270657558076
0.000270782054588
0.000270911612703
0.000271034303377
0.000271149353309
0.000271265994406
0.000271377482261
0.00027149581003
0.000271623151095
0.000271743274121
0.000271862420241
0.000271991054819
0.000272116135676
0.000272233951059
0.00027234876827
0.000272478930938
0.000272596455343
0.000272716607313
0.000272855170201
0.000272975609149
0.000273104581604
0.000273240698309
0.000273368811175
0.000273496884466
0.00027361578705
0.000273730935006
0.000273860804719
0.000273981679567
0.000274106670356
0.000274239332349
0.000274364247022
0.00027447662061
0.000274599311606
0.000274715417694
0.000274842293203
0.000274971596276
0.000275097080461
0.000275218662058
0.000275342246653
0.00027545555418
0.000275578192213
0.000275693755373
0.000275813972104
0.00027592038145
0.000276026883869
0.000276146709965
0.00027626625145
0.000276376757653
0.00027648635734
0.000276595003887
0.000276712228384
0.000276826378625
0.000276940316302
0.000277050473797
0.00027715133808
0.000277254448749
0.000277354969012
0.00027746261648
0.00027756947047
0.000277675447181
0.000277772052294
0.000277873952917
0.000277972216504
0.000278060230582
0.000278153717429
0.000278245236179
0.000278329716533
0.000278423123518
0.000278511405716
0.000278604361626
0.000278689518683
0.000278776897126
0.000278858758689
0.000278933423645
0.00027901362522
0.000279084039096
0.000279163905336
0.00027923921112
0.000279309582241
0.000279383743044
0.000279447936999
0.000279520101967
0.000279578500723
0.000279645848786
0.000279717266065
0.000279766662279
0.000279830319259
0.000279889878445
0.000279933851879
0.000279986780304
0.00028003919543
0.0002800875301
0.000280122844754
0.000280180346009
0.000280236263163
0.000280261426274
0.000280304245054
0.0002803415612
0.00028038014752
0.000280411385569
0.000280435893565
0.000280459422602
0.00028048052945
0.000280505708906
0.000280526596124
0.000280550503684
0.000280562732798
0.000280570534079
0.000280582708123
0.000280586627414
0.000280600758327
0.000280611172747
0.000280614227893
0.000280607763231
0.000280602515545
0.000280603942272
0.000280602365729
0.000280585316155
0.00028057932741
0.000280573924374
0.000280532947381
0.000280507548429
0.000280483423712
0.000280457973351
0.000280429287088
0.00028039866744
0.000280370835293
0.000280333147728
0.000280299774226
0.000280253351837
0.000280212035722
0.000280171393144
0.000280119557989
0.000280068749895
0.000280011743937
0.000279953753653
0.000279894378475
0.000279835523897
0.000279773549361
0.000279697182125
0.000279630314162
0.000279554428035
0.000279473925671
0.000279392514989
0.00027931524303
0.000279226951711
0.0002791406416
0.000279043032399
0.000278961616374
0.000278860423995
0.000278767014075
0.000278666622546
0.00027856021208
0.00027845379467
0.000278344051515
0.000278221445761
0.000278105098003
0.000277996210246
0.000277879206411
0.000277736764803
0.00027761552845
0.000277492622039
0.000277363999726
0.000277229727505
0.000277099304458
0.000276973492812
0.000276834042683
0.000276673436777
0.000276533590431
0.000276386507188
0.000276239193527
0.000276092379817
0.000275938072591
0.000275782331515
0.000275615903892
0.000275457734826
0.000275296774072
0.000275126368071
0.000274956460713
0.000274784560212
0.000274610757264
0.000274433443277
0.00027425448881
0.000274083296719
0.000273904956455
0.000273725804007
0.000273544106838
0.000273359298731
0.000273165714052
0.000272978030125
0.000272784444506
0.000272589815233
0.000272389844062
0.000272202606594
0.000272002034124
0.000271800572648
0.000271600284165
0.00027139617692
0.000271200172009
0.000270991370964
0.000270785320621
0.000270587631694
0.000270378688302
0.000270152044701
0.000269941008583
0.000269728947892
0.000269513611472
0.000269307709795
0.000269097757207
0.000268879635017
0.000268668353609
0.000268448035745
0.000268227741377
0.000268024371336
0.000267806349789
0.000267584361443
0.000267369905868
0.000267151620269
0.00026694536482
0.000266739063703
0.000266511494217
0.000266293619034
0.000266084017902
0.000265864087254
0.000265644225135
0.000265424770596
0.000265211316325
0.00026499458856
0.000264766187354
0.000264565144897
0.00026435145359
0.000264136444628
0.00026393002766
0.000263717091546
0.000263509388705
0.000263294683885
0.000263084684012
0.000262872103351
0.000262667850538
0.000262459202478
0.000262251815014
0.000262051159078
0.000261846732723
0.000261646418739
0.000261445416474
0.000261251575164
0.00026104470652
0.000260846728371
0.000260647064981
0.000260445017126
0.0002602586801
0.000260064589699
0.000259862783288
0.000259667307704
0.000259482111716
0.00025929534376
0.000259116719194
0.000258925947949
0.000258742923055
0.000258553612933
0.000258372343569
0.000258194739659
0.000258018603652
0.00025784229387
0.00025767497928
0.000257501915779
0.000257331111929
0.000257159004525
0.0002569950286
0.000256825031046
0.000256661837676
0.000256506945274
0.000256344468014
0.000256185587557
0.000256025422057
0.00025587906495
0.000255722361236
0.000255564321489
0.000255419265987
0.00025525992014
0.000255115315715
0.000254984005475
0.000254845777795
0.000254698445344
0.000254559504874
0.000254418139505
0.000254286697018
0.000254154375635
0.000254027334955
0.000253900236187
0.000253776617727
0.000253647039475
0.000253525033755
0.000253414436256
0.000253298672995
0.000253178945588
0.000253064835644
0.00025295406769
0.000252849302964
0.000252748270044
0.000252641676148
0.000252541622155
0.00025244732227
0.000252353715284
0.000252256612185
0.00025216800874
0.000252080461543
0.000251988536292
0.000251906913094
0.000251823943045
0.000251747557701
0.000251667398298
0.000251590028395
0.000251513451824
0.000251452120503
0.00025138694652
0.000251321255638
0.000251262004489
0.000251202303637
0.000251141914464
0.000251089980738
0.000251042885498
0.000251000699759
0.000250969599566
0.000250926772883
0.000250877905458
0.00025084579523
0.000250814848069
0.000250777421399
0.000250748023708
0.000250729427543
0.000250708378936
0.000250697910132
0.000250679812675
0.000250676148102
0.000250668166666
0.000250664679168
0.000250667770751
0.000250676269775
0.000250672357594
0.000250671868924
0.000250678687294
0.000250704842897
0.000250711814859
0.000250744348607
0.000250764725913
0.000250789278582
0.000250833295264
0.000250869673625
0.000250903871227
0.000250937811254
0.000250977611438
0.000251034153255
0.00025108304007
0.000251139844152
0.000251190806911
0.000251247832238
0.000251326785615
0.000251398209166
0.000251477697157
0.000251542518295
0.000251626276336
0.000251699788838
0.000251782448166
0.00025186485011
0.000251956744244
0.000252039566719
0.000252148386519
0.00025224392106
0.000252345350593
0.000252449819158
0.000252555988894
0.000252668673475
0.000252776102794
0.000252898304353
0.000253015209146
0.000253135798707
0.000253265374851
0.00025339689737
0.000253523422924
0.000253664332103
0.000253803253699
0.000253933179671
0.000254071900656
0.00025420494135
0.000254341878453
0.000254486745127
0.000254641817936
0.000254794222317
0.000254944525027
0.000255103330151
0.000255256658176
0.000255418649653
0.000255584512747
0.000255742731557
0.000255902279226
0.000256061826955
0.000256225433477
0.000256408661509
0.000256577737843
0.000256750025749
0.000256934807864
0.000257108191541
0.000257284410508
0.000257462357005
0.00025762475497
0.00025781179019
0.000257996108052
0.000258181330937
0.000258371364472
0.000258566944891
0.000258731462124
0.000258921277112
0.000259110876778
0.000259297230322
0.000259483038578
0.000259664896933
0.000259859283514
0.000260043385716
0.000260233250356
0.000260439193114
0.000260620736422
0.000260800102984
0.000260987263263
0.00026119440468
0.00026138609572
0.000261578819615
0.000261761786265
0.000261947303232
0.000262142417
0.000262322215432
0.000262514649427
0.000262708889603
0.000262904670151
0.000263106204448
0.000263296434245
0.000263475723662
0.000263661485532
0.000263849691889
0.000264037185727
0.000264216511487
0.00026439904902
0.000264577484404
0.00026475474568
0.000264948791087
0.000265127266569
0.000265310269314
0.000265494083639
0.000265678142064
0.000265861816503
0.00026604508648
0.000266218120518
0.000266404319412
0.000266574802026
0.000266750413934
0.000266924730225
0.000267095582827
0.000267263533654
0.000267434092569
0.000267593699566
0.000267760336619
0.000267928272325
0.00026809510303
0.000268266810637
0.000268435858622
0.000268600280483
0.000268769523572
0.000268930892944
0.000269083836311
0.000269245427311
0.000269402398477
0.000269558895018
0.000269713704757
0.000269878342003
0.000270039386515
0.000270193165791
0.000270344277012
0.000270501060712
0.000270663891198
0.000270808484677
0.000270965085218
0.000271112459047
0.000271269597033
0.000271423471612
0.00027156365728
0.000271705024674
0.000271848736387
0.000272001625424
0.000272144691347
0.000272288205778
0.000272430221112
0.000272564106698
0.000272706975634
0.000272847780469
0.000272989600058
0.000273122136255
0.000273257102037
0.000273402927239
0.000273542549689
0.000273673256196
0.000273806955773
0.000273936621993
0.000274071739338
0.000274199440399
0.000274332123005
0.00027445735139
0.000274588755556
0.000274716609813
0.000274852449921
0.000274972484377
0.000275101844576
0.000275229069034
0.000275357097452
0.000275485397323
0.000275613966241
0.000275734719134
0.000275852548668
0.000275982214086
0.000276105371859
0.000276222996399
0.00027634161203
0.000276460688844
0.000276572937206
0.000276699350674
0.00027681838683
0.00027693385781
0.000277045029722
0.000277174263248
0.000277297529109
0.000277409426119
0.000277536653597
0.000277643102865
0.000277758076262
0.000277877686056
0.000277998269345
0.000278107383363
0.000278218224298
0.000278335523822
0.00027844775015
0.000278556531828
0.000278672236215
0.000278785252976
0.000278877365762
0.000278988275965
0.000279100428106
0.000279213217753
0.000279304168807
0.000279418233538
0.000279537521117
0.000279648142882
0.000279755610983
0.000279865283237
0.000279979551805
0.000280093105756
0.000280187139134
0.000280298850809
0.000280398399469
0.000280491547197
0.000280597187715
0.000280704514958
0.000280806950531
0.000280906152703
0.000281009237962
0.000281119475426
0.000281223992264
0.000281320909849
0.000281435494108
0.000281536279053
0.000281627218333
0.000281727670832
0.000281840090403
0.000281935038346
0.000282041417573
0.000282127906092
0.000282217900871
0.00028230473704
0.000282399640272
0.000282490575363
0.000282591446173
0.000282678082698
0.000282760597844
0.000282864728917
0.000282949490166
0.000283025441651
0.000283107021945
0.000283187603933
0.000283277597803
0.000283366847811
0.000283449361649
0.000283530788239
0.000283611900252
0.000283684874024
0.000283760732498
0.000283832849737
0.000283912273616
0.000283985577916
0.000284056226445
0.000284133457969
0.00028419082915
0.000284251442046
0.000284314881722
0.000284376270631
0.00028443706094
0.000284490926553
0.000284544092539
0.000284589268599
0.000284650461523
0.000284702607501
0.000284744155081
0.000284790502547
0.000284832869314
0.00028487869978
0.000284914997568
0.000284941757601
0.00028498200152
0.000285014554576
0.000285033248249
0.0002850610135
0.000285078881123
0.000285091954597
0.000285117519981
0.000285142633968
0.000285148051554
0.000285160333611
0.000285170504215
0.000285174494817
0.000285191746111
0.000285195933012
0.000285194557097
0.000285179484978
0.00028518016321
0.000285170697462
0.000285155460316
0.000285140227612
0.000285139510579
0.000285119607319
0.000285105300825
0.00028508313483
0.000285050587912
0.000285028051687
0.000285011272123
0.000284973575587
0.00028493162485
0.000284909217958
0.000284873510346
0.000284842648168
0.000284806372094
0.000284754133838
0.000284704094198
0.000284652924486
0.000284601055039
0.000284553995459
0.000284519322173
0.000284475663412
0.000284408348473
0.000284362445153
0.000284305707157
0.000284233930176
0.000284176068208
0.000284114552025
0.000284059975376
0.000283996149192
0.000283925268667
0.000283845140288
0.000283773010332
0.000283705415285
0.000283650467609
0.000283574302497
0.000283493838898
0.000283423922024
0.000283348859001
0.000283281922086
0.000283205827409
0.000283118411918
0.000283041410549
0.000282962183173
0.000282879948648
0.000282809970355
0.000282719652019
0.000282630147116
0.00028255729311
0.000282486434035
0.000282406654726
0.000282312925976
0.000282235282843
0.000282140440645
0.000282028194026
0.000281928309875
0.000281829899355
0.000281720763786
0.000281614202834
0.000281524749512
0.000281431020791
0.000281321929433
0.000281226105602
0.000281127697555
0.000281038318874
0.000280933545621
0.00028083169874
0.000280729384673
0.000280615976397
0.000280518976126
0.000280415666166
0.000280308289793
0.000280202559205
0.000280092771605
0.000279983363179
0.000279880783868
0.000279777818206
0.000279677215964
0.000279560102913
0.000279450826241
0.000279343006912
0.000279234065558
0.000279125724885
0.000279017273353
0.000278904009634
0.00027878283672
0.000278677051626
0.00027856173455
0.000278446086348
0.000278340292712
0.000278227615119
0.0002781083436
0.000277994713164
0.000277885168705
0.000277763721128
0.000277642299301
0.000277544116034
0.00027742920206
0.000277313487448
0.00027721076138
0.000277098333579
0.000276979711827
0.000276850628643
0.000276747767517
0.000276625323056
0.000276511181545
0.000276387290051
0.000276274641941
0.000276140310286
0.000276019950233
0.000275916663873
0.000275794037984
0.000275674242552
0.000275565774024
0.00027545490481
0.000275336795387
0.000275215974729
0.000275092187641
0.000274983814587
0.000274876186187
0.000274774727854
0.000274665371746
0.000274540086246
0.000274433438575
0.000274315750933
0.000274204434224
0.000274090742342
0.000273980572434
0.000273875723217
0.000273764535797
0.00027365285981
0.000273555058067
0.000273442449219
0.000273328794419
0.000273207454636
0.000273102473627
0.000273007272242
0.000272908843001
0.000272807767456
0.000272708772536
0.000272604359834
0.000272507475458
0.000272388733403
0.000272288945638
0.000272192860275
0.00027209277886
0.000271993352761
0.000271903922791
0.000271811108641
0.000271711760893
0.000271618081814
0.000271521068106
0.000271434253963
0.00027134515046
0.000271254853086
0.000271164765579
0.000271074074516
0.000270996999093
0.000270905691378
0.000270825511993
0.000270744490986
0.000270664176867
0.000270586244911
0.000270501131774
0.00027041292441
0.000270326854509
0.000270253518557
0.000270188047136
0.000270113151097
0.000270049272078
0.00026997204475
0.000269903985053
0.00026983354105
0.000269775850694
0.000269706773346
0.000269639036394
0.000269580813837
0.000269514493644
0.000269467753446
0.000269417927201
0.000269366696203
0.000269314286477
0.000269271846587
0.000269214007326
0.000269165191418
0.000269115846048
0.000269079154485
0.000269032457559
0.00026899467439
0.000268949501715
0.000268908657181
0.000268872135344
0.00026883739765
0.000268784762294
0.000268771472946
0.000268754513883
0.000268718069813
0.000268700193029
0.000268671263128
0.000268659975415
0.000268642144391
0.000268630688208
0.000268617410498
0.000268595924155
0.0002685756466
0.000268565940316
0.000268568314685
0.000268560794057
0.000268555163888
0.000268560927027
0.000268560299458
0.000268563198326
0.000268568967921
0.000268574434998
0.000268580840124
0.000268598666848
0.000268609456507
0.000268624154116
0.000268633637855
0.000268642630927
0.000268669542053
0.000268702787772
0.00026872272986
0.000268747084064
0.000268783346702
0.000268822807136
0.000268855978767
0.000268894454278
0.000268932037183
0.000268966311862
0.00026901632829
0.000269053602149
0.000269102528691
0.000269162721879
0.000269204639546
0.000269249874167
0.000269291374585
0.000269345751142
0.00026940602325
0.000269459837066
0.000269517062545
0.000269583085615
0.000269654585604
0.000269713100905
0.000269767086159
0.000269845924554
0.000269924091734
0.000269989431896
0.000270052415767
0.000270122120382
0.000270195197577
0.000270278198855
0.000270352579044
0.000270425130081
0.000270497612018
0.00027057590801
0.000270663773249
0.000270744053758
0.00027082759476
0.000270916479834
0.000270997282466
0.000271088498149
0.000271186269535
0.00027126455881
0.000271337636095
0.000271423064884
0.00027150398269
0.000271601504024
0.000271692210687
0.000271789698888
0.000271887374393
0.000271975666307
0.000272073032232
0.000272161597243
0.000272261007899
0.000272347568792
0.000272444458907
0.000272546186732
0.00027264735086
0.000272755177018
0.000272848230155
0.000272936424108
0.000273033364656
0.000273139853875
0.000273246693195
0.000273338997032
0.000273437583476
0.000273536965903
0.000273621251003
0.000273725157113
0.000273818255255
0.000273919111282
0.00027402169344
0.000274117423832
0.000274211962744
0.000274314272305
0.000274406340877
0.000274503382402
0.000274591068014
0.000274699549827
0.000274793576408
0.000274883337375
0.000274979524487
0.000275078325125
0.000275177470779
0.000275264690027
0.000275350237699
0.000275440326945
0.000275530627759
0.000275623988903
0.000275715314467
0.000275807547407
0.000275901153111
0.000275994352799
0.000276079455171
0.000276163694826
0.000276256753543
0.000276335863256
0.000276418825965
0.000276506195298
0.000276592108846
0.000276666166013
0.00027674362354
0.0002768219857
0.000276914420162
0.000276979859404
0.000277054728864
0.000277117105886
0.000277190738572
0.000277260302085
0.000277339505354
0.000277413910286
0.000277481786341
0.000277536318124
0.000277593486965
0.000277653818704
0.000277711587195
0.000277768957032
0.000277817796111
0.000277873597191
0.00027793204498
0.000277988083769
0.000278027883668
0.000278077029275
0.000278130090663
0.000278187808147
0.00027823588169
0.000278269394129
0.000278313709081
0.000278356325648
0.000278404938923
0.000278444431987
0.000278481214107
0.000278509480151
0.000278542953274
0.000278569978373
0.000278587468609
0.000278611549904
0.000278639125218
0.00027865964948
0.000278679477506
0.000278695796065
0.000278712656925
0.000278727104558
0.00027874424281
0.000278765033265
0.000278772031592
0.000278779863273
0.00027879180467
0.000278789476093
0.00027878934299
0.000278789811879
0.000278790227666
0.000278788358636
0.000278786700303
0.000278779543687
0.000278782586946
0.000278766052012
0.000278746992918
0.000278740714701
0.00027872625342
0.000278704984158
0.000278682946889
0.000278665168256
0.000278647311384
0.000278619917914
0.000278593246744
0.000278568988511
0.000278535215461
0.000278507691645
0.000278482456149
0.0002784343556
0.000278390943835
0.000278355425087
0.000278312774682
0.000278278037027
0.000278216203069
0.000278170772501
0.000278121442013
0.000278066436428
0.000278017616356
0.000277954964042
0.000277893968181
0.000277837792286
0.000277770485636
0.000277710915904
0.00027763619909
0.000277577265679
0.000277513608522
0.000277435461371
0.000277358018074
0.000277284092709
0.000277198811223
0.000277134415561
0.000277054641555
0.000276960709719
0.000276880175131
0.000276797036483
0.000276706789139
0.000276601601778
0.000276494468575
0.000276417641556
0.00027633139219
0.000276242116658
0.000276133097586
0.000276016934442
0.000275915129868
0.000275808775255
0.000275685179094
0.000275572440802
0.000275440639805
0.000275320717628
0.000275210742534
0.00027510086755
0.000274991807713
0.000274875945532
0.000274751467292
0.000274617145747
0.000274490005088
0.000274371517927
0.000274225655106
0.000274099000876
0.000273968727925
0.000273832897817
0.000273694030407
0.000273564980328
0.000273416139279
0.00027325997123
0.000273121640482
0.000272971851209
0.000272829265757
0.000272673639514
0.000272517342617
0.000272362253258
0.000272216409783
0.000272060591003
0.000271910257403
0.000271746537386
0.000271608701918
0.000271447073804
0.000271279764527
0.000271123401078
0.000270956980147
0.000270786485267
0.000270603210748
0.000270439478721
0.000270271165749
0.000270102554795
0.000269945725304
0.000269768191351
0.000269607646932
0.000269424212165
0.000269246317568
0.000269087153539
0.000268900440564
0.000268726543422
0.000268546330629
0.000268370013358
0.000268202795103
0.00026802300491
0.000267851491615
0.000267670972943
0.000267492969272
0.000267316708849
0.000267146690932
0.000266969131045
0.000266794538676
0.000266609341155
0.000266436421824
0.000266269321128
0.000266091524256
0.000265913044931
0.000265741412777
0.000265568177103
0.000265389646471
0.000265213929461
0.000265040553552
0.000264865253517
0.000264689073213
0.000264509932612
0.000264351816646
0.000264178445719
0.00026399927513
0.000263823333285
0.000263661850094
0.000263494265014
0.000263328123389
0.000263161071466
0.000262996691401
0.000262839367421
0.000262683325148
0.000262518713492
0.000262362710626
0.000262203178339
0.000262037399443
0.000261872510319
0.000261723938629
0.000261581483834
0.000261429022348
0.000261277052601
0.000261121860555
0.000260985773705
0.0002608418921
0.00026069472722
0.000260551845418
0.000260413327396
0.000260275954845
0.000260142044396
0.000260003494372
0.000259872236088
0.000259732526144
0.000259607782648
0.000259485567609
0.000259361876834
0.000259226788754
0.000259108505168
0.000258980826596
0.000258868059546
0.000258753241708
0.000258641029611
0.000258516349251
0.000258412197662
0.000258309264948
0.00025820036239
0.000258103025042
0.00025800876632
0.000257915941744
0.000257826965281
0.000257731121872
0.000257642143228
0.000257555249902
0.000257468590991
0.000257381257334
0.000257293715595
0.000257221159667
0.000257152449566
0.000257072465128
0.000257003020048
0.000256933675698
0.000256868548445
0.000256809552136
0.00025674776628
0.00025668337262
0.000256626336297
0.000256576172274
0.000256524394001
0.000256470082147
0.000256423262884
0.000256372846187
0.000256321133172
0.000256284558567
0.000256243058839
0.000256207685074
0.000256175470192
0.000256147169326
0.000256105440059
0.000256072482507
0.000256049219542
0.000256024741209
0.00025600332863
0.0002559888823
0.000255981447607
0.000255957302074
0.000255943344265
0.000255935526919
0.000255929919019
0.000255928827333
0.000255922848283
0.000255920645574
0.000255922029681
0.000255918260372
0.000255929211626
0.000255929123908
0.000255923895463
0.000255935680058
0.000255955990185
0.000255965533145
0.000255973439995
0.000256006940928
0.000256019260636
0.000256029327631
0.000256055898115
0.000256082419925
0.000256106681073
0.000256134578588
0.00025616817525
0.000256200100474
0.000256229539195
0.000256256067816
0.000256301974492
0.000256343847006
0.000256371418599
0.000256401885266
0.000256439963615
0.000256497974493
0.000256545324337
0.000256595914917
0.000256650070519
0.000256695850129
0.000256748958563
0.000256799341196
0.000256848404775
0.000256890137343
0.00025696369431
0.000257025163198
0.000257071721393
0.000257147558257
0.000257211399512
0.000257272884352
0.000257332040859
0.000257394273304
0.000257463267874
0.000257524965022
0.000257591932554
0.000257660997676
0.000257722304944
0.00025779222333
0.000257879026275
0.000257957463787
0.000258037494379
0.000258110902998
0.000258186555312
0.0002582705036
0.000258359242869
0.000258433508628
0.000258517747971
0.000258615657644
0.000258688837956
0.000258780274731
0.000258861690173
0.00025895156674
0.000259049166076
0.00025912345135
0.000259212697479
0.000259316852374
0.000259411214434
0.000259497373217
0.000259584195111
0.000259672862905
0.000259766337473
0.000259876593432
0.00025997922504
0.000260077124367
0.000260176111122
0.000260275023452
0.000260366730168
0.000260466672431
0.000260571078954
0.000260675082736
0.00026076971461
0.000260885082198
0.000260992500343
0.000261105471691
0.000261216566401
0.000261319004254
0.000261430495545
0.000261548854066
0.000261656939975
0.000261770266164
0.000261901825794
0.000262012244239
0.000262124540944
0.000262234076477
0.00026234655012
0.000262455591529
0.000262569079961
0.000262685513882
0.00026280622208
0.000262926059109
0.000263043242045
0.00026316629397
0.000263281508486
0.000263416442736
0.000263531514614
0.00026365508423
0.000263774822739
0.000263898661221
0.000264016516955
0.000264131225249
0.000264247989498
0.000264375947113
0.000264505385955
0.00026462641662
0.000264755724046
0.00026488391144
0.000265005269316
0.000265124136728
0.000265253675546
0.00026537479012
0.000265504155017
0.000265647814238
0.000265777215667
0.000265902439364
0.000266021746129
0.000266148250736
0.000266273187886
0.000266405827871
0.000266538235275
0.000266671679875
0.000266805593314
0.000266942156896
0.000267073344655
0.000267209041321
0.000267334188766
0.000267454966293
0.000267587386955
0.000267717760773
0.000267846428917
0.000267977420062
0.000268109971215
0.000268234003693
0.000268362765494
0.000268492543207
0.00026862078347
0.000268748997216
0.000268871361964
0.000269001793115
0.00026911892658
0.000269257200104
0.00026938959309
0.000269520350621
0.000269640744521
0.000269771945023
0.000269901398707
0.000270034862223
0.000270163081839
0.000270290696082
0.000270404245108
0.000270523176511
0.000270658783159
0.000270778892685
0.000270908632741
0.000271025645241
0.000271159686794
0.000271288602358
0.00027140362691
0.000271531587997
0.000271660050517
0.000271767913166
0.000271883523563
0.000272013967647
0.000272134155173
0.00027224854194
0.000272360059213
0.000272484773836
0.000272609227136
0.000272727385924
0.000272843732852
0.000272965416772
0.000273075493393
0.000273190438863
0.000273296547484
0.000273413302389
0.000273524814152
0.0002736363725
0.000273745106901
0.000273862108771
0.000273983380955
0.000274086694383
0.000274195482562
0.000274306590016
0.00027441537206
0.000274528425978
0.000274636817494
0.000274747277981
0.000274848299911
0.0002749496974
0.000275063384654
0.00027516305316
0.000275268260143
0.000275368792091
0.000275466782188
0.000275561187804
0.000275669242174
0.000275768423071
0.000275884318155
0.000275988681581
0.000276099889134
0.000276206430046
0.000276295749182
0.000276406181715
0.000276508424282
0.000276613657151
0.00027672360501
0.000276824440421
0.000276921201925
0.000277017921813
0.000277121089939
0.000277230799035
0.000277323762833
0.000277427205867
0.000277527613195
0.000277621993804
0.000277725191035
0.000277822779428
0.000277914228422
0.000278016090288
0.00027811961543
0.000278228781747
0.000278333227747
0.000278438506803
0.000278542330897
0.000278646500705
0.000278750860143
0.000278850662034
0.000278948826029
0.000279055888282
0.000279162279656
0.000279251470729
0.000279351439503
0.000279471534784
0.000279579017059
0.000279688023249
0.000279785115757
0.000279896561388
0.000280001977254
0.000280100871819
0.0002802014981
0.00028030941327
0.000280412221491
0.000280525666237
0.000280632773785
0.000280747080331
0.000280848061327
0.000280953024305
0.000281062381851
0.000281166944014
0.000281276196384
0.000281373230195
0.000281467856134
0.000281577013692
0.000281681270186
0.000281788715164
0.00028188563239
0.000281985319763
0.000282093015307
0.000282194898373
0.000282290148991
0.00028238344209
0.000282485878347
0.000282586439833
0.000282682122525
0.000282774597886
0.000282873307558
0.000282969296791
0.000283076987708
0.00028316511221
0.000283259964776
0.000283359772575
0.000283448263427
0.000283532034792
0.000283619851649
0.000283712878282
0.000283792228724
0.000283879873118
0.000283962075207
0.00028405802318
0.000284148870531
0.000284223905063
0.000284305170433
0.000284390040186
0.000284468082806
0.000284556214939
0.000284632335598
0.000284705587416
0.000284795448236
0.000284869634367
0.000284937089705
0.000285010064337
0.0002850976079
0.000285163410624
0.000285229548301
0.000285291707205
0.00028536618062
0.000285429411864
0.000285510292874
0.000285569287519
0.000285635998138
0.000285706978799
0.000285783112796
0.000285838018277
0.000285908013597
0.000285975563439
0.00028604200306
0.000286090728298
0.000286153347281
0.000286214482584
0.000286278458411
0.000286337393196
0.000286398414764
0.000286457824193
0.000286509970663
0.000286573209339
0.000286634122472
0.00028668980279
0.000286741892009
0.000286795979067
0.000286846786114
0.00028689680227
0.000286960678889
0.000287011523519
0.000287062699928
0.000287111867452
0.000287158621499
0.000287203813703
0.00028725286422
0.000287308178953
0.000287355468815
0.000287409854929
0.000287452201312
0.00028749588917
0.000287548291328
0.000287588794708
0.000287638790737
0.000287679621009
0.000287716256827
0.000287768987227
0.000287814680734
0.000287855523242
0.000287903085426
0.000287943152033
0.000287982079876
0.000288026968141
0.000288071596607
0.000288118602051
0.000288149539461
0.000288185286651
0.000288219964725
0.000288255036
0.00028828969147
0.000288325287054
0.000288368685586
0.000288405570033
0.000288447085022
0.000288479911668
0.000288511185381
0.000288544431036
0.000288581893728
0.000288614910285
0.000288638297015
0.000288680179898
0.000288708126698
0.000288744120741
0.000288776624331
0.000288796957396
0.000288816657586
0.00028884978735
0.000288881671076
0.00028890873929
0.000288935781641
0.000288972034652
0.000288997463694
0.000289022647852
0.000289043946022
0.000289073055178
0.000289098374287
0.0002891149457
0.000289132183165
0.000289160534908
0.000289180200308
0.000289206216288
0.000289230667457
0.00028926073772
0.0002892730563
0.000289284650954
0.000289302433859
0.000289319269505
0.000289337334582
0.000289363080581
0.000289374862915
0.000289393851026
0.000289422160835
0.000289441393779
0.000289461374396
0.000289464444609
0.000289482475997
0.00028949447554
0.000289500028526
0.000289508831254
0.000289517693971
0.000289529920274
0.000289537657067
0.000289556810296
0.0002895545506
0.000289555865789
0.000289561194289
0.000289564285362
0.000289568557123
0.000289574946288
0.000289572554773
0.00028958156443
0.000289587070942
0.000289591818641
0.000289587501016
0.000289597621104
0.000289599993447
0.000289598027726
0.000289600173367
0.000289594195795
0.0002895975703
0.000289598874325
0.000289599193923
0.000289591245975
0.000289590618006
0.000289570828892
0.000289572745218
0.000289572930696
0.000289562216209
0.000289547673325
0.000289535100546
0.00028952295968
0.000289509213144
0.000289488717469
0.000289468318639
0.000289452332177
0.00028944236813
0.000289429199318
0.000289410510546
0.000289397210697
0.000289374126768
0.000289361130148
0.000289345694687
0.000289311911526
0.000289289338986
0.000289261202118
0.000289225511306
0.000289198857394
0.000289164177335
0.00028914727376
0.000289111932755
0.000289079315297
0.000289045763292
0.000289011217342
0.000288979470269
0.000288941764779
0.000288906469936
0.000288871972837
0.000288828549681
0.000288778742468
0.000288732123515
0.000288689174049
0.000288644896859
0.000288601314651
0.000288552514875
0.000288504121553
0.000288462399865
0.000288414361378
0.000288363168685
0.000288303228801
0.000288246503014
0.000288198875462
0.000288152207259
0.000288094021576
0.000288025200741
0.00028796550418
0.000287905235845
0.000287841642062
0.000287784672076
0.000287714000284
0.000287644173051
0.000287581216401
0.000287514594037
0.000287444214885
0.000287372245176
0.000287311120092
0.000287234994791
0.000287171401694
0.000287098249082
0.000287017514751
0.000286944041524
0.000286860491797
0.000286789357907
0.000286715112481
0.00028663429749
0.000286556318072
0.000286476057686
0.000286390064192
0.000286315349637
0.000286242617517
0.000286147279682
0.000286061458666
0.00028597473004
0.00028590557998
0.000285822758332
0.000285732129398
0.000285644449087
0.000285561228131
0.000285465914274
0.000285385215576
0.000285285645071
0.000285198938832
0.000285108380205
0.000285020905559
0.000284936247858
0.000284842311706
0.000284747678675
0.000284656599116
0.000284574002238
0.000284482334772
0.000284396078904
0.000284312539159
0.00028422564562
0.000284135463585
0.000284040184539
0.000283952532671
0.000283857486022
0.000283770867839
0.000283680190623
0.000283597875083
0.000283512431431
0.000283422479086
0.000283333292948
0.000283241989818
0.000283151410913
0.000283061858935
0.000282970267342
0.000282888098401
0.00028280570317
0.000282719438271
0.000282633252905
0.000282539523438
0.000282458161188
0.000282378342706
0.000282290799762
0.000282207735717
0.000282111636439
0.000282033607953
0.000281949061539
0.000281872093206
0.000281797778582
0.000281717026996
0.000281632657536
0.000281554567268
0.000281467518744
0.000281387371853
0.000281308417815
0.000281221515152
0.000281146592991
0.000281076440047
0.000280993337276
0.000280914442776
0.000280851644923
0.000280772851204
0.000280691417651
0.000280615116002
0.00028053807018
0.000280460941235
0.000280381177045
0.000280311299351
0.000280241934355
0.000280171002744
0.000280103807427
0.000280037270107
0.000279960204389
0.000279899962695
0.000279829166631
0.000279749878897
0.000279671914592
0.000279602318612
0.000279545382476
0.000279473828433
0.000279407001205
0.000279340880226
0.000279271633653
0.000279210161683
0.000279142732373
0.000279079998307
0.000279022262801
0.000278957555403
0.000278883199601
0.000278820303731
0.000278743055292
0.000278675579373
0.000278619055165
0.000278554368911
0.000278486033621
0.000278423122464
0.000278354777713
0.000278299944544
0.000278237887374
0.000278178964659
0.000278113208151
0.000278056496695
0.000277988626804
0.000277934606195
0.000277866908242
0.000277804447484
0.000277742777248
0.000277680238314
0.00027763701611
0.000277571399814
0.000277505678644
0.000277447257568
0.00027738258036
0.000277320027774
0.000277253264523
0.000277188065463
0.000277123771315
0.000277068122546
0.000277015598422
0.00027695261425
0.000276888866358
0.000276823623342
0.000276768532261
0.000276707006787
0.000276645166977
0.000276581918069
0.000276517873878
0.000276456235563
0.000276399231637
0.000276336909671
0.000276275895354
0.000276201517076
0.000276151248022
0.000276088584363
0.000276029182439
0.000275970012155
0.000275905200831
0.000275849495521
0.000275786357415
0.000275732649668
0.00027566543833
0.000275593416247
0.000275537984364
0.000275463932729
0.000275406115054
0.000275349194334
0.000275274654591
0.000275207856522
0.000275144843121
0.000275081316358
0.00027501531479
0.000274953467665
0.000274885496271
0.000274819461029
0.000274744535882
0.000274675585657
0.000274598893892
0.000274528615418
0.000274467247922
0.000274397246799
0.000274333288872
0.000274262291856
0.000274191056769
0.0002741231343
0.000274060997919
0.000273983019678
0.000273920207543
0.000273849357514
0.000273793079085
0.000273732504056
0.00027364878378
0.000273583585049
0.000273512917544
0.00027343574628
0.000273364080031
0.000273291184679
0.000273209686355
0.000273143401519
0.00027306664734
0.000272993373563
0.000272913087572
0.000272839864012
0.000272756453311
0.000272682685798
0.000272601184848
0.000272532741561
0.000272444758824
0.000272361603624
0.000272282229346
0.000272203202351
0.000272118694296
0.000272034834994
0.00027195559839
0.00027189131761
0.000271811329691
0.000271726007467
0.000271632099972
0.000271548104202
0.000271464185651
0.000271385142752
0.000271304270759
0.000271223243115
0.000271135210015
0.000271043307565
0.000270955138102
0.000270881384627
0.000270789397794
0.000270691070424
0.00027058862776
0.000270497312611
0.00027039703919
0.00027031277033
0.000270221413396
0.000270129590449
0.00027003870533
0.000269937560214
0.000269842722843
0.000269747641713
0.00026965547283
0.000269559893044
0.000269464992272
0.000269372487904
0.000269265944261
0.000269149315736
0.000269052399068
0.000268950911839
0.000268851577479
0.000268750085308
0.000268647627798
0.000268529757591
0.000268436554959
0.000268325927769
0.000268221155353
0.000268123532488
0.000268012924684
0.000267908773193
0.000267805193562
0.000267696593926
0.000267588004644
0.000267476148212
0.000267365160424
0.000267254713349
0.000267129406073
0.000267018580513
0.000266901461854
0.0002667845758
0.00026666871715
0.000266549109706
0.000266426855741
0.000266301279558
0.000266190418995
0.000266070716659
0.000265959314123
0.00026583629799
0.000265713875069
0.00026558806753
0.000265467347304
0.000265341910184
0.00026521893599
0.000265098251715
0.000264963422832
0.00026483765684
0.000264701574284
0.000264580362198
0.000264457516716
0.000264324088354
0.000264184506139
0.000264041242026
0.000263914655536
0.000263780365506
0.000263644302228
0.000263520375895
0.000263397979027
0.00026325890714
0.000263132647046
0.000262995664194
0.000262865166484
0.000262731135183
0.000262600347101
0.000262452868173
0.000262320645427
0.000262182047193
0.000262041686546
0.000261903627912
0.000261752878227
0.00026161843382
0.000261482817511
0.000261334763408
0.000261186387214
0.000261055778544
0.000260913885291
0.0002607850879
0.000260636863896
0.000260482201856
0.000260331517622
0.00026019668267
0.000260053766993
0.000259910938528
0.000259754906228
0.000259619313584
0.000259477950178
0.0002593283311
0.000259189134713
0.00025905790889
0.000258906251089
0.00025876414785
0.00025861397476
0.0002584673981
0.000258309428761
0.000258171333038
0.000258018319162
0.000257870743419
0.000257715744301
0.000257564409236
0.000257419731354
0.000257289559521
0.000257139143801
0.000256998109858
0.000256843986677
0.000256691343628
0.000256540884376
0.000256403200074
0.000256249706274
0.000256113227346
0.000255956867817
0.000255809150789
0.000255650497363
0.000255504821034
0.000255358103663
0.000255217063086
0.000255065130376
0.000254919609626
0.000254767473301
0.000254611912771
0.000254464766878
0.000254311111686
0.000254158374853
0.000254006445064
0.000253863601256
0.000253712318817
0.000253561922631
0.0002534080618
0.000253257934135
0.000253103502853
0.000252948830116
0.000252785505426
0.000252625954352
0.000252470133105
0.000252316185943
0.000252162495767
0.000252013774003
0.000251855618338
0.00025170537541
0.00025154804835
0.000251390573636
0.000251234919315
0.000251073072408
0.000250916810144
0.000250755643335
0.000250594614526
0.000250439224872
0.00025027630152
0.00025011972443
0.000249957902933
0.000249787930634
0.000249633955067
0.00024947249279
0.000249308890297
0.000249145274963
0.000248974985089
0.000248805862103
0.000248642674139
0.000248476310861
0.000248314796566
0.00024813854799
0.000247970273649
0.000247809229467
0.000247641334436
0.000247474203887
0.000247304077191
0.000247141222957
0.000246976617863
0.000246811485306
0.000246634287961
0.00024646353991
0.000246302720395
0.000246128483432
0.000245958039928
0.000245787174533
0.000245627853392
0.000245455279027
0.000245289221711
0.000245122275696
0.000244954624367
0.000244784968325
0.000244612642015
0.0002444431715
0.000244262762793
0.000244087537194
0.000243920684768
0.000243745899465
0.000243578439668
0.000243419619942
0.000243253092718
0.000243088965913
0.000242913073427
0.000242743524728
0.000242571323966
0.000242407215927
0.000242245495761
0.000242078646362
0.000241910107962
0.000241758249691
0.000241591641081
0.000241423114113
0.000241268618921
0.000241106045418
0.000240946219928
0.000240780736941
0.000240628427808
0.000240458762105
0.000240304101713
0.0002401510002
0.000239993790944
0.000239841814907
0.000239698599587
0.000239546783386
0.000239407735849
0.000239249586899
0.000239105112639
0.00023895808761
0.000238816029469
0.00023867213003
0.000238525495442
0.000238386294301
0.000238250212775
0.000238103882747
0.000237967952736
0.000237832142551
0.000237696860909
0.000237556217847
0.000237412589974
0.000237282575303
0.00023715813286
0.000237031377324
0.000236899626726
0.000236773913368
0.000236658458087
0.000236534535948
0.00023641357895
0.000236295304796
0.000236170842345
0.000236044906256
0.000235935531311
0.000235818298067
0.000235699221672
0.000235597271843
0.000235485715141
0.000235370030198
0.00023526276826
0.000235165320995
0.000235051561314
0.000234940499126
0.000234835031398
0.000234728756817
0.000234636834868
0.000234538110494
0.000234436091428
0.000234340198119
0.000234235763924
0.000234140064709
0.000234045342323
0.000233941089588
0.000233841404681
0.000233746524388
0.000233668121703
0.000233575088043
0.000233495283056
0.000233401370989
0.000233320457517
0.000233233753365
0.000233153230305
0.000233068305193
0.000232975803011
0.000232883864577
0.000232815411096
0.000232746270604
0.000232671514218
0.0002325940849
0.000232514463115
0.000232431819206
0.000232347437496
0.000232274037787
0.000232210480695
0.000232119733756
0.000232046441217
0.000231974382004
0.000231909650761
0.000231837222546
0.000231764941133
0.000231696993246
0.000231625326816
0.000231546392708
0.000231478943136
0.00023140008038
0.000231339508498
0.000231264216475
0.000231197797495
0.000231131850354
0.000231060687265
0.000230999412074
0.000230924409616
0.000230876745175
0.000230822449367
0.000230762174168
0.000230680887182
0.000230619786039
0.000230555600562
0.000230510132353
0.000230443876583
0.000230389566026
0.000230345444839
0.000230282069695
0.000230223218116
0.00023015636323
0.000230098014839
0.000230027407949
0.00022997654092
0.000229925672827
0.0002298777606
0.000229822143974
0.000229774224804
0.000229733440183
0.000229675109881
0.000229617938702
0.000229578969855
0.000229528896428
0.000229472772128
0.000229423059122
0.000229376625525
0.000229331605552
0.000229293821688
0.000229250371985
0.000229204664712
0.000229164114345
0.000229113426647
0.000229070101561
0.000229028984859
0.000228982704658
0.000228947596641
0.000228909744366
0.000228894238437
0.000228857721503
0.000228825447119
0.000228801958181
0.000228762031323
0.000228728167046
0.000228693520159
0.000228662873602
0.00022863562187
0.000228620321838
0.000228602781267
0.000228567425215
0.000228542821772
0.000228520463366
0.000228497627893
0.000228481842205
0.000228454128825
0.000228449041855
0.000228441429399
0.000228424779446
0.000228401705829
0.000228392788016
0.000228390866073
0.000228365115526
0.000228351624679
0.000228340062309
0.000228334663245
0.000228327671347
0.000228310007611
0.000228314460908
0.00022832696449
0.000228320331972
0.000228323805696
0.000228332110938
0.00022832505146
0.000228334481249
0.000228341700238
0.000228357084197
0.000228359894599
0.000228364181956
0.000228372560622
0.000228389958217
0.00022840628275
0.000228414426767
0.000228446681566
0.000228475315329
0.00022849849834
0.000228520524317
0.000228529523898
0.000228549620057
0.000228573998052
0.000228595197352
0.000228622183945
0.000228651234207
0.000228685473369
0.000228724705926
0.000228761575912
0.000228800525911
0.000228829124201
0.000228861716487
0.000228895223253
0.000228944522867
0.000228991568877
0.000229039351745
0.000229076172519
0.000229120976205
0.000229165518977
0.000229221533738
0.000229272526121
0.000229325868199
0.000229377943916
0.000229429494866
0.000229490483135
0.000229554720341
0.000229606606089
0.000229672651047
0.000229727433655
0.000229787878283
0.000229853165489
0.000229923879883
0.000229989684905
0.000230067977104
0.000230149700129
0.00023022266751
0.000230285185555
0.000230361906481
0.000230443618215
0.000230520723578
0.000230597662613
0.000230680026622
0.000230756091003
0.000230843306897
0.000230924668596
0.000231012627068
0.000231101572438
0.000231198794582
0.000231286929816
0.0002313866143
0.000231488270612
0.000231585055078
0.000231690007166
0.000231794362657
0.000231894156137
0.00023200771058
0.000232102056541
0.000232210934364
0.000232321874884
0.000232437695477
0.000232544246698
0.000232650668329
0.000232755017909
0.0002328643857
0.000232978496723
0.000233107726985
0.000233223146716
0.000233349402215
0.000233479847054
0.000233604912614
0.000233734468848
0.000233872897126
0.000234003527241
0.000234123720584
0.000234261743053
0.000234401846035
0.000234539769492
0.000234680984176
0.000234818126144
