
0.000161622537493
0.000161606859407
0.000161601454589
0.000161600002541
0.000161600615405
0.000161602484406
0.00016160514485
0.000161608330878
0.000161611909786
0.000161615836557
0.000161620083718
0.000161624620079
0.000161629425699
0.000161634477574
0.000161639760649
0.00016164526033
0.000161650969767
0.000161656880048
0.000161662984586
0.000161669293909
0.000161675773893
0.000161682412237
0.00016168919683
0.000161696108051
0.000161703158055
0.000161710346088
0.000161717662142
0.0001617251124
0.000161732693496
0.000161740441326
0.000161748331556
0.000161756345266
0.000161764465533
0.000161772679313
0.000161780989708
0.000161789405991
0.000161797942585
0.000161806588409
0.000161815314802
0.000161824114315
0.000161833007151
0.000161842006118
0.000161851094262
0.000161860272628
0.000161869554574
0.00016187891761
0.000161888378815
0.00016189790061
0.000161907460422
0.000161917074889
0.00016192676471
0.000161936532334
0.000161946377455
0.000161956306159
0.000161966315218
0.000161976398699
0.000161986549275
0.00016199674989
0.000162007009224
0.000162017317044
0.00016202765416
0.000162038031972
0.000162048480044
0.000162058995627
0.000162069577872
0.000162080230441
0.000162090958704
0.000162101754185
0.000162112590236
0.000162123481827
0.000162134415976
0.00016214538154
0.000162156390119
0.000162167436232
0.000162178513763
0.000162189622201
0.000162200753798
0.000162211918655
0.000162223117055
0.000162234357312
0.00016224563054
0.000162256932846
0.000162268247568
0.000162279581102
0.000162290943308
0.000162302354855
0.000162313799887
0.000162325285562
0.000162336790714
0.000162348312877
0.000162359840522
0.000162371373627
0.000162382919756
0.000162394486456
0.000162406091782
0.000162417723394
0.000162429378877
0.000162441077669
0.00016245279696
0.000162464525148
0.000162476263202
0.000162488010003
0.000162499766889
0.000162511526707
0.000162523310066
0.000162535115176
0.000162546936891
0.000162558768397
0.000162570620552
0.000162582479282
0.000162594355839
0.000162606260789
0.000162618168239
0.000162630087674
0.000162642016188
0.000162653939464
0.000162665866787
0.000162677799198
0.00016268973292
0.000162701674997
0.000162713622159
0.00016272557026
0.000162737516283
0.000162749441508
0.000162761356334
0.000162773290998
0.000162785232088
0.000162797172746
0.00016280913808
0.000162821136047
0.000162833136984
0.000162845118921
0.000162857080113
0.00016286903011
0.000162880960343
0.000162892872117
0.000162904787235
0.000162916704258
0.000162928609057
0.000162940487891
0.000162952350366
0.00016296422231
0.000162976080744
0.000162987931336
0.000162999775277
0.000163011695844
0.000163023637252
0.000163035598917
0.000163047545819
0.000163059462957
0.000163071351455
0.000163083275798
0.000163095201877
0.000163107115106
0.00016311903229
0.000163130970651
0.000163142907645
0.0001631548554
0.000163166810005
0.000163178757914
0.000163190672608
0.000163202567723
0.000163214446231
0.000163226306887
0.000163238146439
0.00016324998107
0.000163261791409
0.000163273602946
0.000163285402243
0.000163297203893
0.000163309004951
0.000163320797393
0.000163332571155
0.000163344326114
0.000163356061711
0.000163367771119
0.000163379482332
0.000163391184185
0.0001634028932
0.000163414579294
0.000163426246308
0.000163437895644
0.000163449515615
0.000163461124812
0.000163472735049
0.000163484335971
0.00016349590151
0.000163507449034
0.00016351898699
0.000163530501022
0.000163541983442
0.000163553439512
0.000163564863763
0.000163576269257
0.000163587641002
0.000163598985837
0.000163610311078
0.00016362160345
0.000163632876119
0.00016364411295
0.00016365533078
0.000163666524114
0.000163677677836
0.000163688794243
0.000163699869779
0.000163710904491
0.000163721899451
0.000163732851583
0.00016374374002
0.000163754575492
0.000163765349625
0.000163776062952
0.000163786734416
0.0001637973422
0.000163807874169
0.000163818367079
0.000163828853045
0.000163839324475
0.000163849800858
0.000163860273902
0.00016387075818
0.000163881221694
0.00016389165783
0.000163902063891
0.00016391242252
0.000163922713396
0.000163932957947
0.000163943148863
0.00016395329076
0.000163963375739
0.00016397341008
0.000163983389359
0.000163993318987
0.000164003204721
0.00016401302707
0.000164022769456
0.000164032447579
0.000164042068431
0.00016405162209
0.00016406111419
0.00016407053872
0.00016407992134
0.00016408921863
0.000164098425183
0.000164107569832
0.000164116663857
0.000164125726296
0.000164134745721
0.000164143739219
0.000164152711594
0.000164161612906
0.000164170415708
0.00016417911368
0.000164187728612
0.0001641962529
0.000164204683333
0.000164213030632
0.00016422129826
0.000164229502734
0.000164237621762
0.000164245643976
0.000164253569345
0.000164261407468
0.000164269157375
0.000164276819554
0.000164284423959
0.000164291966844
0.00016429941808
0.000164306781949
0.00016431405641
0.000164321253483
0.000164328374684
0.000164335385946
0.000164342292042
0.000164349138412
0.000164355912169
0.000164362591869
0.000164369164486
0.000164375667649
0.00016438210381
0.000164388446274
0.000164394701569
0.00016440085597
0.00016440692542
0.00016441287071
0.000164418704448
0.000164424426902
0.00016443005116
0.00016443559598
0.000164441035748
0.000164446353668
0.000164451538249
0.000164456618095
0.000164461608877
0.000164466517815
0.000164471335823
0.00016447605442
0.000164480652053
0.000164485132786
0.000164489512166
0.000164493765842
0.000164497892109
0.000164501895544
0.000164505792988
0.000164509591103
0.000164513274169
0.000164516829481
0.000164520264439
0.000164523578841
0.000164526766445
0.000164529823997
0.000164532759477
0.000164535601009
0.000164538310566
0.000164540885352
0.000164543315085
0.000164545641105
0.000164547867667
0.000164549963138
0.000164551934111
0.000164553791972
0.000164555524719
0.000164557156971
0.000164558670833
0.00016456005353
0.000164561296913
0.000164562407211
0.000164563400201
0.000164564283373
0.000164565075909
0.000164565759627
0.000164566341731
0.000164566794341
0.000164567119649
0.000164567336516
0.000164567415875
0.000164567345679
0.000164567141622
0.00016456681852
0.000164566381805
0.000164565852063
0.000164565238225
0.000164564497984
0.00016456361347
0.000164562606525
0.000164561481933
0.00016456020883
0.000164558812832
0.000164557301127
0.000164555669902
0.000164553923
0.000164552042109
0.000164550043228
0.000164547930915
0.00016454570281
0.000164543365008
0.00016454089571
0.000164538300041
0.00016453559372
0.000164532776135
0.000164529827251
0.000164526751451
0.00016452358067
0.000164520289069
0.00016451688353
0.00016451337978
0.00016450976933
0.000164506044612
0.000164502197966
0.000164498244785
0.000164494177823
0.000164489993325
0.000164485688381
0.000164481286862
0.000164476765306
0.000164472105426
0.000164467318839
0.000164462427327
0.000164457459921
0.000164452426482
0.00016444731727
0.00016444212946
0.000164436801095
0.000164431340191
0.000164425783491
0.000164420146533
0.000164414440828
0.000164408645126
0.000164402781428
0.000164396844705
0.000164390858847
0.000164384779894
0.000164378601979
0.000164372331303
0.000164365960867
0.000164359514757
0.000164352983899
0.000164346384295
0.000164339697027
0.000164332910205
0.000164326040083
0.000164319071036
0.000164312023658
0.000164304905089
0.000164297702384
0.000164290417519
0.000164283046323
0.000164275578599
0.000164268005253
0.000164260343856
0.000164252621008
0.000164244845537
0.000164236991012
0.000164229038413
0.000164220979534
0.000164212831946
0.000164204589241
0.000164196251193
0.000164187823258
0.000164179310592
0.000164170707107
0.000164162004211
0.000164153195391
0.000164144285305
0.000164135297521
0.000164126232631
0.000164117070085
0.000164107830842
0.000164098515549
0.000164089116464
0.000164079616521
0.000164070008536
0.000164060305872
0.000164050509561
0.000164040634699
0.000164030667157
0.000164020608299
0.000164010468078
0.000164000233509
0.000163989910161
0.000163979487159
0.000163968970316
0.000163958375541
0.000163947692382
0.000163936924613
0.000163926047551
0.000163915059092
0.000163903962292
0.000163892763603
0.000163881481319
0.000163870126167
0.000163858682565
0.000163847156392
0.000163835555384
0.000163823867347
0.000163812083796
0.000163800220861
0.000163788268989
0.000163776206672
0.0001637640656
0.000163751813138
0.000163739445251
0.000163726973518
0.000163714421107
0.00016370176413
0.000163688988844
0.000163676125542
0.000163663163862
0.000163650110505
0.000163636975256
0.000163623757895
0.000163610463689
0.000163597070735
0.000163583580968
0.000163570005932
0.000163556338865
0.000163542567531
0.000163528724542
0.000163514789507
0.000163500781418
0.000163486690868
0.000163472505743
0.000163458221231
0.000163443841244
0.000163429379567
0.000163414835278
0.000163400209318
0.000163385500035
0.000163370699472
0.000163355803591
0.000163340823444
0.000163325768609
0.000163310617884
0.000163295364032
0.000163280030484
0.000163264634552
0.000163249154258
0.000163233565755
0.000163217880174
0.000163202099881
0.000163186248504
0.00016317033561
0.000163154337809
0.000163138240049
0.000163122051005
0.000163105779987
0.000163089437041
0.000163073011593
0.000163056501765
0.000163039913648
0.000163023258586
0.000163006534359
0.000162989735857
0.000162972860863
0.000162955915483
0.000162938913298
0.000162921844382
0.000162904699387
0.000162887475684
0.000162870177108
0.000162852807364
0.000162835380527
0.000162817924729
0.000162800398419
0.000162782796951
0.000162765109524
0.000162747356245
0.00016272954659
0.000162711659987
0.000162693695755
0.000162675684745
0.000162657628159
0.000162639540813
0.000162621404282
0.000162603195897
0.000162584927354
0.000162566611607
0.000162548255512
0.000162529842629
0.000162511358136
0.000162492801574
0.000162474192284
0.000162455550536
0.000162436906118
0.000162418259261
0.000162399565364
0.000162380829629
0.000162362050914
0.000162343213118
0.000162324316976
0.000162305360486
0.000162286350291
0.000162267291844
0.000162248184077
0.000162229031
0.000162209829492
0.000162190593478
0.000162171313932
0.000162151978331
0.000162132593842
0.000162113175389
0.000162093707661
0.000162074192184
0.000162054633613
0.000162035053391
0.00016201543049
0.00016199577042
0.000161976072035
0.00016195633568
0.000161936568654
0.00016191677608
0.000161896931148
0.000161877066805
0.000161857184216
0.000161837275545
0.000161817344151
0.000161797374343
0.000161777375412
0.000161757353751
0.000161737314569
0.000161717239429
0.000161697140821
0.000161677030072
0.00016165688933
0.000161636719603
0.000161616538275
0.000161596337322
0.000161576099735
0.000161555825471
0.000161535519803
0.000161515177273
0.000161494807395
0.000161474417563
0.000161454005205
0.000161433571797
0.000161413120823
0.000161392645101
0.000161372125618
0.00016135159212
0.000161331060219
0.000161310512027
0.000161289954006
0.000161269406868
0.00016124885536
0.000161228280114
0.00016120769628
0.000161187103804
0.000161166500611
0.000161145876044
0.000161125221509
0.000161104548136
0.00016108385515
0.000161063140204
0.000161042394615
0.000161021634934
0.000161000864778
0.000160980078904
0.000160959273079
0.00016093846071
0.000160917654374
0.000160896858634
0.000160876069835
0.000160855282619
0.000160834488554
0.000160813710119
0.000160792952076
0.000160772208384
0.000160751479025
0.000160730745481
0.000160709997759
0.000160689241634
0.000160668483151
0.000160647728758
0.000160626985497
0.000160606248794
0.000160585526805
0.000160564817318
0.00016054411288
0.000160523403989
0.000160502700602
0.000160482010204
0.000160461319874
0.00016044063775
0.000160419963443
0.000160399308189
0.000160378682919
0.000160358074196
0.000160337485105
0.000160316932759
0.000160296405658
0.000160275908062
0.000160255422275
0.000160234957056
0.000160214510503
0.000160194105048
0.000160173734038
0.000160153385361
0.000160133045003
0.000160112723441
0.00016009244387
0.000160072229392
0.000160052073105
0.000160031959281
0.000160011889508
0.000159991875729
0.000159971902708
0.000159951967076
0.000159932060966
0.000159912193263
0.00015989235466
0.000159872560678
0.000159852809728
0.000159833111244
0.000159813468371
0.000159793868365
0.000159774337554
0.000159754872396
0.000159735502164
0.000159716193107
0.000159696938611
0.000159677740398
0.000159658601119
0.000159639514466
0.000159620469357
0.000159601471145
0.000159582525218
0.000159563650555
0.000159544842743
0.000159526106002
0.000159507439966
0.000159488851252
0.000159470329247
0.000159451871481
0.000159433498333
0.000159415183104
0.000159396937763
0.000159378773205
0.000159360694066
0.000159342694227
0.000159324789834
0.000159306979246
0.000159289271085
0.000159271668916
0.000159254170533
0.000159236766093
0.000159219459468
0.000159202247992
0.000159185149998
0.00015916814896
0.000159151234166
0.000159134412965
0.00015911769021
0.000159101072474
0.000159084553267
0.000159068139932
0.000159051827538
0.000159035627623
0.000159019541263
0.000159003572613
0.000158987724508
0.000158971997067
0.000158956381777
0.000158940876588
0.000158925500809
0.000158910275518
0.000158895195482
0.000158880236636
0.000158865406379
0.000158850705332
0.00015883613866
0.000158821700158
0.000158807393841
0.000158793213144
0.000158779160842
0.000158765240462
0.000158751450465
0.000158737799649
0.000158724294392
0.000158710941545
0.000158697724593
0.00015868464619
0.000158671702733
0.000158658907126
0.000158646256081
0.00015863376688
0.000158621448179
0.000158609281914
0.000158597254446
0.00015858538508
0.000158573671608
0.000158562109408
0.000158550697047
0.000158539430785
0.000158528313585
0.000158517333629
0.000158506509725
0.000158495849286
0.000158485354331
0.000158475015986
0.000158464824909
0.000158454788761
0.000158444908803
0.000158435183511
0.000158425619608
0.000158416220525
0.000158406976068
0.00015839788254
0.000158388945485
0.000158380171312
0.000158371553201
0.00015836308911
0.000158354768988
0.000158346610373
0.00015833860613
0.000158330752744
0.00015832305007
0.000158315498735
0.000158308093061
0.000158300835066
0.000158293723097
0.000158286771602
0.000158279968728
0.000158273304395
0.000158266782654
0.000158260413387
0.000158254200265
0.000158248142631
0.000158242227659
0.000158236441263
0.000158230793702
0.000158225295106
0.000158219940314
0.00015821472179
0.000158209634071
0.000158204670539
0.000158199847518
0.000158195164382
0.000158190610583
0.000158186179115
0.000158181883382
0.000158177715877
0.00015817367414
0.000158169768773
0.000158165993916
0.00015816235025
0.000158158829797
0.000158155416069
0.000158152111227
0.000158148934269
0.000158145892187
0.00015814296088
0.000158140130355
0.000158137420612
0.000158134818584
0.000158132338092
0.000158129968242
0.000158127695833
0.000158125520934
0.000158123443955
0.000158121457611
0.000158119563972
0.000158117747921
0.000158116005857
0.000158114352804
0.000158112783863
0.000158111292932
0.000158109887432
0.000158108561798
0.000158107309494
0.000158106122791
0.000158105004723
0.000158103973257
0.000158103018214
0.000158102133195
0.000158101309719
0.000158100574703
0.000158099918496
0.000158099348184
0.000158098860765
0.000158098448289
0.000158098103077
0.000158097830588
0.000158097624275
0.00015809747922
0.00015809740123
0.000158097376155
0.000158097404587
0.000158097495883
0.000158097642914
0.000158097867523
0.000158098172961
0.000158098551717
0.000158098992253
0.00015809948403
0.000158100034875
0.000158100649279
0.000158101325766
0.000158102067536
0.00015810286597
0.000158103714023
0.000158104614791
0.000158105563437
0.000158106548496
0.000158107572102
0.000158108648651
0.000158109775648
0.000158110951924
0.000158112165919
0.000158113446989
0.000158114795963
0.000158116212061
0.000158117688089
0.000158119231656
0.000158120832641
0.000158122499692
0.00015812425185
0.000158126073082
0.000158127957484
0.000158129931671
0.000158131985448
0.000158134115582
0.000158136310151
0.00015813856817
0.000158140896989
0.000158143302986
0.00015814578894
0.000158148349876
0.00015815097506
0.000158153660779
0.000158156414164
0.000158159237751
0.000158162121227
0.000158165077383
0.000158168120396
0.000158171249533
0.000158174448553
0.000158177696239
0.000158181007412
0.000158184373746
0.000158187812547
0.00015819132143
0.000158194905207
0.000158198551203
0.000158202249085
0.000158206007879
0.000158209831031
0.000158213709448
0.000158217651548
0.000158221652853
0.000158225730406
0.000158229861423
0.00015823403334
0.000158238246836
0.000158242491427
0.000158246776525
0.000158251116722
0.000158255499601
0.000158259921947
0.000158264393818
0.00015826889862
0.00015827341799
0.000158277961262
0.000158282539505
0.000158287143086
0.000158291779716
0.000158296428982
0.000158301083898
0.000158305750167
0.000158310417421
0.000158315079325
0.000158319719234
0.00015832438511
0.000158329068608
0.000158333758379
0.000158338443438
0.000158343120939
0.000158347816614
0.000158352511932
0.000158357201709
0.000158361856136
0.0001583664779
0.000158371073121
0.000158375621948
0.000158380140607
0.000158384631387
0.00015838908806
0.000158393515736
0.000158397899309
0.000158402227979
0.000158406513689
0.00015841075657
0.000158414972687
0.000158419144065
0.000158423242824
0.000158427257116
0.00015843121073
0.000158435107171
0.000158438932728
0.000158442693556
0.000158446369756
0.000158449969979
0.00015845345787
0.000158456877948
0.00015846022834
0.000158463512643
0.00015846671516
0.000158469841672
0.000158472883853
0.000158475865834
0.000158478767574
0.000158481576013
0.000158484297531
0.000158486932623
0.00015848946863
0.000158491898896
0.000158494243096
0.000158496502198
0.000158498672387
0.000158500746051
0.000158502739165
0.000158504671633
0.000158506522022
0.000158508284036
0.000158509955869
0.000158511546193
0.000158513052739
0.000158514467642
0.000158515789535
0.000158517037641
0.000158518208172
0.000158519306107
0.00015852032986
0.000158521278701
0.000158522127269
0.000158522901126
0.000158523621144
0.000158524278889
0.000158524859132
0.000158525359652
0.000158525796501
0.000158526171714
0.000158526480623
0.000158526709378
0.000158526871842
0.000158526985428
0.000158527031401
0.000158527006907
0.000158526920078
0.000158526777118
0.000158526584982
0.000158526343647
0.000158526050042
0.000158525717335
0.000158525341389
0.000158524931526
0.000158524464936
0.000158523948686
0.00015852339489
0.00015852282054
0.000158522232598
0.000158521616341
0.000158520984686
0.000158520335293
0.00015851966249
0.000158518965027
0.000158518251483
0.000158517532907
0.000158516808604
0.000158516084506
0.000158515370316
0.000158514652295
0.000158513922975
0.00015851321876
0.000158512531583
0.000158511852848
0.000158511187793
0.000158510538069
0.00015850990054
0.000158509274258
0.000158508666904
0.000158508086171
0.000158507550635
0.000158507060945
0.000158506621813
0.000158506242771
0.000158505902207
0.000158505580293
0.00015850528098
0.000158505014202
0.000158504779211
0.00015850459256
0.000158504465734
0.000158504402745
0.000158504401375
0.000158504464897
0.000158504588873
0.000158504766251
0.000158505005911
0.000158505310501
0.000158505676305
0.000158506116392
0.000158506612226
0.000158507173666
0.000158507803855
0.000158508515358
0.000158509324015
0.000158510227751
0.000158511221698
0.000158512286277
0.000158513433772
0.000158514667677
0.000158515980722
0.000158517381033
0.000158518873738
0.000158520460586
0.000158522117945
0.000158523853999
0.000158525662879
0.000158527572178
0.000158529584614
0.000158531688401
0.000158533920983
0.000158536270905
0.000158538722953
0.000158541285467
0.000158543941645
0.000158546685638
0.000158549532817
0.00015855247732
0.000158555531145
0.000158558699056
0.00015856197203
0.00015856534718
0.000158568828274
0.00015857242061
0.00015857612847
0.000158579941838
0.000158583848138
0.000158587851767
0.000158591939457
0.000158596098468
0.000158600360184
0.000158604724659
0.000158609183613
0.000158613726383
0.000158618373214
0.000158623148258
0.000158628028448
0.000158633020981
0.000158638117113
0.000158643290446
0.000158648536894
0.000158653875702
0.000158659305741
0.000158664818647
0.000158670423943
0.000158676119478
0.000158681903144
0.000158687752885
0.000158693672089
0.00015869968212
0.000158705769388
0.000158711941059
0.000158718208539
0.000158724557466
0.000158731011554
0.000158737563889
0.000158744211488
0.000158750933002
0.000158757722599
0.000158764594294
0.000158771553875
0.000158778586994
0.000158785692367
0.000158792889125
0.000158800169372
0.000158807521507
0.000158814951096
0.000158822456112
0.000158830031394
0.000158837666607
0.000158845341036
0.000158853081313
0.000158860878579
0.000158868741966
0.000158876663727
0.000158884623899
0.000158892649393
0.000158900735808
0.000158908889839
0.000158917117613
0.000158925412976
0.000158933759528
0.000158942144618
0.000158950579618
0.000158959079549
0.000158967629697
0.000158976216334
0.000158984820396
0.000158993461738
0.000159002153989
0.00015901088763
0.000159019664086
0.000159028474767
0.000159037331037
0.000159046225813
0.000159055164162
0.000159064149703
0.000159073187361
0.000159082270057
0.000159091378817
0.000159100554961
0.000159109770035
0.00015911900109
0.000159128258899
0.000159137563294
0.000159146898058
0.000159156243051
0.000159165609419
0.000159175017844
0.00015918444335
0.000159193885539
0.000159203349953
0.000159212818209
0.000159222276304
0.000159231754415
0.000159241256036
0.000159250782506
0.000159260315997
0.0001592698607
0.000159279434012
0.000159289030539
0.00015929863648
0.000159308256103
0.000159317899262
0.000159327555104
0.000159337209491
0.000159346879112
0.000159356561034
0.000159366241695
0.000159375913357
0.000159385594604
0.000159395269256
0.000159404926574
0.000159414576208
0.000159424228254
0.000159433880904
0.000159443542951
0.000159453211796
0.000159462877148
0.000159472536363
0.000159482175471
0.000159491788203
0.000159501378432
0.000159510948658
0.00015952050206
0.000159530065298
0.000159539618127
0.000159549158956
0.000159558659281
0.000159568134128
0.000159577572735
0.000159586975571
0.00015959636272
0.000159605719561
0.000159615072652
0.000159624423467
0.000159633741647
0.000159643067986
0.000159652376805
0.000159661665155
0.000159670930092
0.000159680158739
0.000159689374572
0.00015969856525
0.000159707739655
0.000159716880904
0.000159725989929
0.000159735045171
0.000159744043382
0.000159752980792
0.00015976184741
0.000159770651136
0.000159779379985
0.000159788017295
0.000159796558968
0.000159805029302
0.000159813417994
0.000159821721402
0.000159829961518
0.000159838136205
0.000159846287471
0.00015985441407
0.000159862482219
0.000159870530483
0.000159878542623
0.000159886498418
0.000159894379202
0.00015990219118
0.000159909906622
0.000159917524731
0.000159925036044
0.000159932453865
0.000159939778452
0.000159947035802
0.000159954193277
0.000159961247205
0.000159968203096
0.000159975066255
0.000159981830724
0.000159988507611
0.000159995080322
0.000160001571191
0.000160007944133
0.000160014206013
0.000160020362116
0.000160026423726
0.000160032381283
0.000160038229706
0.000160043993925
0.000160049656536
0.000160055206753
0.000160060621858
0.000160065910925
0.000160071081481
0.000160076136019
0.000160081079653
0.000160085888485
0.000160090567682
0.00016009511088
0.000160099541272
0.000160103835376
0.000160108007795
0.000160112086922
0.000160116056889
0.000160119892394
0.0001601235844
0.000160127138257
0.000160130564899
0.000160133844043
0.000160136988875
0.000160140004178
0.000160142921714
0.000160145721423
0.000160148400085
0.000160150957702
0.000160153422855
0.000160155766835
0.000160157974202
0.000160160059848
0.000160162028857
0.000160163876132
0.000160165621635
0.000160167262312
0.000160168806173
0.000160170243195
0.000160171593694
0.000160172848835
0.00016017402146
0.000160175084819
0.000160176034718
0.00016017687146
0.00016017760213
0.000160178227908
0.000160178741868
0.000160179160669
0.000160179480219
0.000160179701063
0.000160179821392
0.000160179841761
0.00016017977849
0.00016017962075
0.00016017937756
0.0001601790552
0.000160178653588
0.000160178157911
0.000160177590112
0.000160176934099
0.000160176189771
0.000160175355917
0.000160174430155
0.00016017343847
0.000160172372906
0.000160171232073
0.000160170039875
0.000160168772605
0.000160167421641
0.000160166008543
0.000160164531558
0.000160162990095
0.000160161380962
0.000160159724892
0.000160158011032
0.000160156226252
0.000160154371776
0.000160152476702
0.000160150526644
0.000160148507464
0.000160146400836
0.000160144247276
0.000160142035224
0.000160139784847
0.000160137495777
0.000160135170911
0.000160132797297
0.000160130375302
0.000160127914416
0.000160125394445
0.000160122806585
0.000160120159557
0.000160117483431
0.000160114754572
0.000160111959464
0.000160109101872
0.000160106177233
0.000160103183159
0.000160100153541
0.000160097097806
0.000160094007163
0.000160090873131
0.000160087692285
0.000160084458801
0.000160081183141
0.000160077869352
0.000160074501467
0.000160071076889
0.000160067576164
0.000160064028677
0.000160060423533
0.000160056773216
0.000160053082837
0.000160049342171
0.00016004553682
0.000160041664879
0.000160037750082
0.00016003380665
0.000160029840587
0.000160025860926
0.000160021846029
0.000160017781461
0.000160013654967
0.000160009478271
0.000160005263584
0.000160000988144
0.000159996647053
0.000159992262594
0.000159987823848
0.000159983333732
0.000159978811992
0.000159974248447
0.000159969624327
0.000159964957134
0.000159960239353
0.000159955471126
0.000159950639373
0.000159945744679
0.000159940794595
0.000159935791516
0.000159930737756
0.000159925632274
0.000159920479894
0.000159915282267
0.000159910070885
0.000159904827238
0.000159899548342
0.000159894241735
0.000159888917104
0.000159883553413
0.000159878160756
0.000159872721203
0.000159867243712
0.000159861723352
0.000159856158132
0.000159850548624
0.000159844884467
0.000159839166927
0.000159833404087
0.000159827594881
0.000159821755605
0.000159815886426
0.000159809986084
0.000159804059261
0.000159798080352
0.00015979207271
0.000159786041118
0.000159779980271
0.000159773900398
0.000159767800798
0.000159761670456
0.000159755500457
0.000159749301391
0.000159743077632
0.00015973681314
0.000159730502604
0.000159724177951
0.000159717849647
0.0001597115067
0.000159705165845
0.000159698821804
0.000159692455443
0.000159686061208
0.000159679658488
0.000159673260616
0.000159666860635
0.000159660452354
0.000159654034492
0.000159647615934
0.0001596411969
0.000159634753971
0.000159628314645
0.000159621864998
0.00015961541155
0.000159608965986
0.000159602534951
0.000159596114754
0.000159589715035
0.000159583317623
0.000159576928668
0.000159570555261
0.000159564211622
0.000159557907718
0.000159551625904
0.000159545343176
0.000159539073143
0.00015953282997
0.000159526614973
0.000159520419364
0.000159514249951
0.00015950810585
0.000159501994555
0.000159495923958
0.000159489888596
0.000159483911116
0.000159477969538
0.000159472061828
0.000159466205571
0.000159460413249
0.000159454667719
0.000159448956715
0.000159443293893
0.000159437689938
0.000159432141944
0.000159426653034
0.000159421215496
0.000159415828636
0.000159410505934
0.000159405220979
0.000159399980652
0.000159394783022
0.000159389628485
0.000159384525089
0.000159379486301
0.000159374520997
0.000159369644241
0.000159364844157
0.000159360111093
0.000159355443962
0.000159350837399
0.000159346314669
0.000159341874217
0.000159337512313
0.000159333236677
0.000159329059311
0.000159324968917
0.000159320952735
0.000159317005473
0.000159313130974
0.000159309328591
0.000159305615435
0.000159301973761
0.00015929842724
0.000159294986342
0.000159291639648
0.000159288387366
0.000159285236571
0.000159282171623
0.000159279194079
0.00015927631928
0.000159273528007
0.000159270802678
0.000159268145666
0.000159265567137
0.000159263078137
0.000159260669537
0.000159258338899
0.000159256093824
0.000159253952963
0.000159251922038
0.000159250002801
0.00015924818754
0.000159246460033
0.000159244807352
0.000159243212683
0.000159241693544
0.000159240257553
0.000159238920181
0.000159237665808
0.000159236493125
0.000159235410615
0.000159234404858
0.000159233473197
0.000159232624756
0.00015923184978
0.00015923114048
0.000159230518181
0.000159229971644
0.000159229520238
0.000159229175532
0.000159228909979
0.000159228732175
0.000159228650879
0.000159228674158
0.000159228767283
0.000159228913328
0.000159229104587
0.000159229354897
0.000159229683863
0.000159230092812
0.000159230578298
0.0001592311504
0.000159231780735
0.000159232466169
0.000159233215894
0.000159234014668
0.00015923485761
0.000159235765384
0.000159236719218
0.000159237713482
0.000159238774541
0.000159239913675
0.00015924113478
0.000159242426043
0.000159243776614
0.000159245186547
0.000159246658257
0.000159248184725
0.000159249755548
0.000159251361786
0.000159252995095
0.000159254711013
0.000159256479855
0.000159258287062
0.000159260134955
0.00015926204296
0.000159264010037
0.000159266049716
0.000159268143085
0.000159270290809
0.000159272484175
0.000159274722366
0.000159277006079
0.000159279325541
0.00015928168614
0.000159284092838
0.000159286526302
0.000159289016084
0.000159291562164
0.000159294171878
0.000159296831707
0.000159299579615
0.000159302400268
0.000159305295067
0.000159308253606
0.00015931126851
0.000159314310683
0.000159317428751
0.000159320607588
0.000159323853847
0.000159327157346
0.000159330507857
0.000159333891111
0.000159337318887
0.000159340809845
0.000159344376074
0.00015934800884
0.000159351696346
0.000159355426307
0.000159359218037
0.000159363058678
0.000159366955613
0.000159370918711
0.000159374934184
0.000159379015072
0.000159383159019
0.000159387377564
0.000159391656524
0.000159395988524
0.000159400380139
0.000159404825915
0.000159409325827
0.000159413893483
0.000159418530887
0.000159423235192
0.000159428028315
0.000159432925684
0.000159437881437
0.000159442902991
0.000159447994241
0.000159453150872
0.000159458364283
0.000159463623961
0.000159468953999
0.000159474380313
0.000159479896493
0.00015948547671
0.000159491131034
0.00015949684968
0.000159502632108
0.000159508484317
0.00015951442115
0.000159520424557
0.000159526514786
0.000159532667175
0.000159538887744
0.000159545147893
0.000159551485808
0.000159557894195
0.000159564370983
0.000159570929451
0.000159577562727
0.000159584284062
0.000159591065475
0.000159597913821
0.000159604821057
0.000159611782985
0.000159618801323
0.000159625894131
0.000159633064623
0.00015964029929
0.000159647608731
0.000159654987194
0.000159662429385
0.000159669921968
0.000159677449104
0.000159685035169
0.000159692663255
0.000159700332169
0.000159708074444
0.000159715890713
0.000159723782258
0.000159731740196
0.000159739753427
0.000159747818344
0.000159755920596
0.000159764062588
0.00015977223448
0.00015978043949
0.000159788701524
0.000159797020038
0.000159805384585
0.000159813777828
0.000159822194498
0.000159830636161
0.000159839114541
0.000159847622443
0.000159856151966
0.000159864708315
0.000159873295065
0.000159881888766
0.000159890503876
0.000159899132335
0.000159907771825
0.000159916424385
0.000159925077573
0.000159933720944
0.000159942358117
0.000159950987209
0.000159959597718
0.000159968192606
0.000159976761382
0.000159985328928
0.000159993895543
0.000160002466212
0.000160011040652
0.000160019592564
0.000160028129208
0.000160036637924
0.000160045101953
0.000160053541486
0.000160061968032
0.000160070359907
0.000160078716925
0.000160087021753
0.000160095279572
0.000160103512587
0.000160111738691
0.000160119937134
0.000160128108623
0.000160136251333
0.000160144343652
0.000160152352107
0.000160160302298
0.00016016819507
0.000160176088978
0.000160183956439
0.000160191777143
0.000160199532898
0.000160207231718
0.000160214867882
0.000160222452069
0.000160229968735
0.000160237415726
0.000160244791372
0.000160252097411
0.000160259343312
0.000160266542127
0.000160273667248
0.000160280730774
0.000160287735206
0.000160294669839
0.000160301526782
0.000160308332748
0.000160315068624
0.000160321734474
0.000160328335403
0.000160334872115
0.000160341333539
0.000160347728155
0.000160354043118
0.000160360291445
0.00016036645876
0.000160372538765
0.000160378547486
0.000160384482729
0.000160390340832
0.000160396120402
0.000160401811964
0.00016040743662
0.000160413003267
0.000160418488837
0.000160423898165
0.000160429229838
0.000160434491192
0.00016043968687
0.000160444791744
0.00016044981678
0.00016045474739
0.000160459597002
0.000160464366385
0.000160469042027
0.000160473651589
0.000160478180669
0.000160482619897
0.000160486979161
0.000160491230006
0.000160495419354
0.00016049954734
0.000160503579082
0.000160507514403
0.000160511381766
0.000160515189396
0.000160518937629
0.000160522596857
0.000160526193025
0.00016052973561
0.00016053321494
0.00016053662443
0.000160539966998
0.000160543245706
0.000160546449839
0.000160549582672
0.000160552639838
0.000160555612111
0.000160558491064
0.000160561311192
0.000160564070125
0.00016056675792
0.000160569377862
0.000160571922026
0.000160574412552
0.000160576869389
0.000160579277523
0.000160581609245
0.000160583909734
0.000160586167939
0.000160588379381
0.00016059054205
0.000160592625955
0.00016059462927
0.000160596565896
0.000160598450367
0.000160600281157
0.000160602050456
0.000160603780554
0.000160605454651
0.000160607071173
0.00016060862161
0.000160610101445
0.000160611511935
0.000160612854658
0.000160614151294
0.000160615388486
0.0001606165639
0.000160617695525
0.000160618801546
0.000160619880235
0.000160620914123
0.00016062190305
0.000160622849264
0.000160623752777
0.000160624590238
0.000160625380095
0.000160626120905
0.000160626817241
0.000160627453722
0.000160628040728
0.000160628549992
0.000160628996921
0.000160629395973
0.000160629753309
0.000160630099843
0.000160630409566
0.000160630661964
0.000160630835346
0.000160630945484
0.000160631001983
0.000160630994806
0.000160630924157
0.000160630792586
0.000160630583929
0.000160630293255
0.000160629930819
0.000160629508397
0.000160629042885
0.000160628517331
0.000160627931609
0.000160627250033
0.000160626466619
0.00016062559442
0.000160624623171
0.000160623553084
0.000160622409877
0.000160621220261
0.000160619961224
0.000160618679485
0.000160617374442
0.00016061600421
0.000160614546702
0.000160613010416
0.000160611412739
0.000160609743937
0.000160607968975
0.000160606089429
0.000160604128413
0.000160602088737
0.000160599954189
0.000160597747943
0.000160595448456
0.000160593055084
0.000160590569066
0.000160588012696
0.000160585392458
0.000160582727251
0.00016057995886
0.000160577137595
0.000160574242189
0.000160571259528
0.000160568187707
0.000160565008615
0.000160561749679
0.000160558407825
0.000160554954241
0.000160551411337
0.000160547760025
0.000160543999057
0.000160540135734
0.000160536195069
0.000160532149715
0.000160528031419
0.000160523827944
0.000160519517315
0.000160515131081
0.000160510652283
0.000160506089038
0.000160501431632
0.000160496693346
0.000160491866153
0.000160487004439
0.000160482092772
0.000160477088386
0.000160472008406
0.000160466856368
0.000160461630603
0.000160456313238
0.000160450919028
0.000160445433213
0.000160439869361
0.000160434244229
0.000160428548521
0.000160422759991
0.000160416892472
0.000160410946996
0.000160404933215
0.000160398837924
0.000160392670292
0.000160386423962
0.000160380084077
0.000160373665067
0.00016036718386
0.000160360630717
0.000160354017424
0.000160347357124
0.000160340648383
0.000160333876403
0.000160327061137
0.000160320190537
0.000160313293071
0.000160306344908
0.000160299330728
0.000160292225797
0.000160285075311
0.000160277880794
0.000160270642435
0.000160263355633
0.000160256015379
0.000160248609778
0.000160241148557
0.000160233620236
0.000160226014972
0.00016021832662
0.000160210564474
0.000160202762226
0.00016019493136
0.000160187043267
0.000160179093436
0.000160171091331
0.000160163076935
0.000160155044161
0.000160146981667
0.000160138908117
0.000160130818781
0.000160122694662
0.000160114562361
0.000160106411455
0.000160098227157
0.000160090004568
0.000160081734395
0.000160073458283
0.000160065190456
0.000160056934257
0.000160048674285
0.000160040396771
0.000160032109838
0.000160023821765
0.000160015523146
0.000160007202218
0.000159998888803
0.000159990575969
0.000159982259123
0.000159973925983
0.000159965593771
0.000159957264033
0.000159948936812
0.000159940603488
0.000159932254691
0.000159923921278
0.000159915618384
0.000159907333676
0.000159899063265
0.000159890804069
0.000159882586535
0.000159874395197
0.000159866232139
0.000159858089775
0.000159849973371
0.000159841894652
0.000159833836171
0.000159825807807
0.000159817811242
0.00015980984787
0.000159801966114
0.000159794132739
0.000159786340288
0.00015977858655
0.000159770880112
0.000159763194333
0.000159755556552
0.000159747982965
0.000159740478579
0.000159733040749
0.000159725655079
0.00015971831832
0.000159711037739
0.000159703795542
0.000159696603368
0.000159689472987
0.000159682409653
0.000159675414697
0.000159668459261
0.000159661540223
0.000159654682546
0.000159647906113
0.000159641197709
0.000159634545046
0.000159627983472
0.000159621521113
0.000159615144797
0.000159608819569
0.000159602561169
0.000159596354361
0.00015959022512
0.00015958416877
0.000159578157358
0.000159572167905
0.000159566239741
0.00015956037488
0.000159554543062
0.000159548783791
0.000159543089474
0.000159537432379
0.000159531836525
0.000159526280735
0.000159520759216
0.000159515280905
0.000159509853134
0.000159504456293
0.000159499105279
0.000159493784039
0.000159488526493
0.0001594833158
0.000159478127414
0.000159472956632
0.000159467812979
0.000159462690091
0.000159457602744
0.00015945254118
0.000159447494275
0.000159442472525
0.000159437475744
0.000159432513004
0.000159427570476
0.000159422636445
0.000159417721185
0.000159412826439
0.0001594079576
0.000159403083564
0.000159398204386
0.000159393334859
0.000159388473112
0.000159383597281
0.000159378712581
0.00015937382833
0.000159368925047
0.000159364015316
0.000159359095979
0.000159354190081
0.000159349291378
0.000159344390156
0.00015933947934
0.000159334573854
0.000159329671802
0.000159324764396
0.000159319865766
0.000159314998621
0.00015931017314
0.000159305367224
0.000159300562327
0.000159295745199
0.000159290900923
0.000159286045555
0.00015928118194
0.000159276308455
0.00015927146276
0.000159266624887
0.000159261792668
0.000159256971527
0.000159252166297
0.00015924737417
0.000159242590206
0.000159237803668
0.000159232998761
0.000159228184135
0.000159223396755
0.000159218616913
0.00015921383543
0.000159209048034
0.000159204272719
0.000159199498493
0.000159194721367
0.000159189916881
0.000159185115861
0.000159180299467
0.000159175477534
0.000159170647582
0.000159165795824
0.000159160906273
0.000159155990406
0.00015915105313
0.000159146099808
0.000159141131158
0.000159136156135
0.000159131139626
0.000159126107526
0.000159121053579
0.00015911598761
0.000159110890635
0.000159105765826
0.000159100619239
0.000159095449846
0.000159090259606
0.000159085081021
0.000159079886353
0.00015907466066
0.000159069401758
0.00015906410029
0.000159058754098
0.000159053349199
0.000159047937309
0.000159042513387
0.000159037073987
0.000159031616678
0.000159026114495
0.000159020579012
0.000159015029671
0.000159009449561
0.000159003820359
0.000158998141022
0.000158992406255
0.000158986608384
0.0001589807533
0.000158974836818
0.000158968858375
0.000158962812034
0.000158956712405
0.000158950549626
0.000158944325127
0.00015893802953
0.000158931673416
0.000158925271437
0.000158918807879
0.000158912277888
0.00015890570296
0.000158899084158
0.000158892402175
0.000158885672464
0.00015887886593
0.000158871973851
0.000158865016612
0.000158858026583
0.000158850994973
0.000158843916056
0.000158836800062
0.000158829630418
0.000158822383677
0.000158815074362
0.00015880770459
0.000158800259808
0.000158792729449
0.000158785114362
0.000158777423748
0.000158769660325
0.000158761805846
0.000158753888631
0.000158745916953
0.000158737870226
0.00015872975166
0.000158721569502
0.000158713312958
0.000158704994928
0.000158696621643
0.000158688184833
0.000158679677977
0.000158671114706
0.00015866248196
0.000158653787482
0.0001586450302
0.000158636194752
0.000158627266141
0.000158618264671
0.000158609167747
0.000158599963115
0.000158590661579
0.000158581247833
0.000158571748157
0.000158562128159
0.000158552395219
0.00015854257752
0.000158532670317
0.000158522648568
0.000158512512986
0.000158502279566
0.000158491959729
0.000158481534667
0.000158470966838
0.000158460257716
0.000158449409246
0.000158438443924
0.000158427359789
0.000158416169634
0.000158404887685
0.000158393511789
0.000158382048052
0.000158370529244
0.000158358935959
0.000158347219253
0.000158335380175
0.000158323433482
0.000158311397639
0.000158299259057
0.00015828700702
0.000158274641737
0.000158262175616
0.00015824959082
0.000158236908296
0.000158224109357
0.000158211212036
0.000158198209965
0.000158185107269
0.000158171907037
0.000158158637114
0.000158145267452
0.000158131813289
0.000158118305306
0.00015810474519
0.00015809111257
0.000158077437793
0.000158063719346
0.000158049965976
0.000158036145767
0.000158022291276
0.000158008386648
0.000157994432155
0.000157980394061
0.000157966300159
0.000157952178799
0.000157938038802
0.000157923870831
0.000157909684013
0.000157895462103
0.00015788120188
0.000157866904712
0.00015785258656
0.000157838251349
0.000157823891735
0.000157809532966
0.00015779516267
0.000157780765421
0.000157766384885
0.000157752029297
0.000157737677793
0.000157723349947
0.000157709044948
0.000157694744056
0.00015768043541
0.000157666137785
0.000157651829854
0.000157637537913
0.00015762327332
0.000157609043188
0.000157594850821
0.00015758070105
0.000157566583587
0.000157552509777
0.00015753847204
0.000157524476611
0.00015751053172
0.000157496652659
0.000157482836235
0.000157469083489
0.000157455386383
0.000157441745455
0.000157428154953
0.000157414635359
0.000157401173791
0.000157387778048
0.000157374456506
0.000157361210695
0.000157348013754
0.000157334883318
0.000157321869788
0.000157308967796
0.000157296196241
0.000157283553852
0.000157271004827
0.000157258556704
0.000157246206816
0.000157233938912
0.00015722174986
0.000157209649024
0.000157197626599
0.000157185709454
0.000157173894478
0.000157162188096
0.000157150574298
0.000157139067635
0.000157127671987
0.000157116382949
0.000157105195304
0.000157094123883
0.00015708315511
0.000157072309958
0.000157061596598
0.000157051004869
0.000157040543974
0.000157030223571
0.000157020012264
0.000157009884743
0.000156999845922
0.000156989911848
0.000156980098073
0.000156970416577
0.00015696086022
0.000156951431694
0.000156942116952
0.000156932914045
0.000156923822452
0.000156914833721
0.000156905965868
0.000156897222699
0.000156888573114
0.00015688001234
0.000156871564101
0.000156863217879
0.00015685497623
0.000156846815348
0.000156838741397
0.000156830785383
0.000156822941988
0.000156815211476
0.000156807583836
0.000156800055931
0.000156792615532
0.000156785254773
0.000156777982682
0.000156770811716
0.00015676372378
0.000156756725754
0.000156749803382
0.000156742970357
0.000156736243322
0.000156729588317
0.000156723013019
0.000156716498381
0.000156710030153
0.000156703603765
0.000156697215029
0.000156690874942
0.000156684574295
0.000156678319493
0.000156672112668
0.000156665959899
0.000156659866779
0.000156653819019
0.000156647811612
0.000156641836924
0.000156635906863
0.000156630003786
0.00015662412471
0.000156618269569
0.000156612445633
0.000156606647365
0.000156600900095
0.000156595232728
0.000156589602138
0.000156584001133
0.000156578431229
0.000156572869443
0.000156567347007
0.000156561857994
0.000156556380324
0.000156550946756
0.000156545538302
0.000156540144954
0.000156534765563
0.000156529403866
0.000156524041429
0.000156518690307
0.000156513326191
0.000156507943078
0.000156502578986
0.000156497222354
0.000156491873974
0.000156486519326
0.000156481170194
0.000156475839905
0.000156470522265
0.000156465219083
0.000156459958096
0.000156454702335
0.000156449447152
0.00015644419933
0.00015643895458
0.000156433708437
0.000156428469997
0.000156423241598
0.000156418020323
0.000156412801367
0.000156407589285
0.000156402391629
0.000156397212986
0.000156392060889
0.000156386950634
0.000156381852222
0.000156376758405
0.000156371659519
0.000156366583422
0.000156361531344
0.000156356512332
0.000156351534121
0.000156346579338
0.000156341655845
0.000156336778033
0.000156331937832
0.000156327136857
0.000156322365929
0.000156317617931
0.000156312924059
0.000156308266058
0.000156303643028
0.000156299038671
0.000156294452047
0.000156289877568
0.000156285319667
0.000156280773715
0.000156276255643
0.000156271757138
0.000156267292538
0.000156262849852
0.000156258446858
0.000156254081882
0.000156249747471
0.000156245446756
0.000156241185364
0.000156236953972
0.00015623273476
0.000156228548211
0.000156224407271
0.000156220295358
0.000156216238842
0.000156212209681
0.000156208191435
0.000156204201433
0.000156200248556
0.000156196316385
0.000156192394887
0.00015618849568
0.000156184605625
0.000156180718229
0.000156176843618
0.000156172979428
0.000156169121739
0.000156165244328
0.000156161344665
0.000156157438722
0.000156153552294
0.000156149675275
0.000156145795726
0.000156141919383
0.00015613803616
0.00015613415026
0.000156130243433
0.000156126316848
0.000156122380387
0.000156118412884
0.000156114417533
0.000156110395734
0.000156106366461
0.000156102320125
0.000156098226952
0.000156094113299
0.000156089988269
0.000156085844155
0.0001560816929
0.000156077503077
0.00015607326556
0.000156068992276
0.000156064700915
0.000156060394684
0.000156056057543
0.000156051670097
0.000156047225953
0.000156042721403
0.000156038143002
0.00015603349838
0.000156028821348
0.000156024132058
0.000156019427205
0.00015601470975
0.000156009953188
0.000156005147067
0.000156000286319
0.000155995373513
0.000155990410451
0.00015598539697
0.000155980315921
0.000155975164529
0.000155969959846
0.000155964714374
0.000155959428085
0.000155954129251
0.00015594880163
0.000155943421696
0.000155938030981
0.000155932591166
0.000155927104837
0.000155921586826
0.000155916021063
0.000155910404514
0.000155904743504
0.000155899063796
0.000155893384237
0.000155887668128
0.000155881896114
0.000155876087135
0.000155870261349
0.000155864421172
0.000155858536249
0.000155852609385
0.000155846635983
0.000155840642495
0.00015583461989
0.000155828563737
0.000155822471541
0.000155816344135
0.000155810176767
0.000155803976158
0.000155797705169
0.000155791406521
0.000155785082426
0.000155778732491
0.000155772341764
0.000155765925753
0.000155759479179
0.000155752980928
0.000155746438071
0.000155739880197
0.000155733291293
0.000155726672145
0.000155720035025
0.000155713336708
0.000155706589154
0.000155699775855
0.000155692886318
0.000155685953599
0.000155679015039
0.000155672055709
0.000155665063514
0.000155658033312
0.000155650997968
0.000155643917113
0.000155636757638
0.000155629526425
0.00015562222132
0.000155614876534
0.000155607481002
0.000155600033128
0.000155592534937
0.000155584955193
0.000155577300727
0.000155569576894
0.00015556175352
0.000155553832964
0.000155545826531
0.000155537747567
0.000155529622506
0.000155521422171
0.000155513159255
0.000155504828296
0.000155496416594
0.000155487916342
0.00015547940123
0.000155470824965
0.000155462173259
0.000155453439277
0.000155444631894
0.000155435751067
0.000155426782786
0.000155417739165
0.000155408607562
0.000155399384132
0.000155390084911
0.000155380721849
0.000155371298492
0.000155361781023
0.000155352166855
0.00015534248278
0.000155332746086
0.00015532292713
0.000155313023714
0.00015530305541
0.000155293043814
0.000155282978708
0.000155272831173
0.000155262593856
0.00015525228319
0.000155241925256
0.000155231521361
0.000155221061821
0.000155210541492
0.000155199979679
0.000155189387415
0.000155178768289
0.000155168131615
0.000155157456136
0.000155146736321
0.000155135973958
0.00015512518529
0.000155114355663
0.000155103492298
0.000155092613404
0.000155081720711
0.000155070807752
0.000155059893252
0.000155048994243
0.000155038104684
0.000155027208949
0.000155016323001
0.000155005436595
0.000154994572317
0.000154983733463
0.000154972898893
0.000154962078439
0.000154951267641
0.000154940466662
0.000154929676968
0.000154918897307
0.000154908139245
0.000154897425538
0.00015488676504
0.000154876147975
0.000154865570582
0.000154855029727
0.000154844536778
0.00015483407866
0.000154823643067
0.000154813243567
0.000154802897748
0.000154792591905
0.000154782346209
0.000154772144535
0.000154762019837
0.000154751931682
0.000154741885032
0.000154731889909
0.000154721973611
0.000154712118616
0.000154702309879
0.000154692583978
0.000154682940921
0.000154673351618
0.000154663817081
0.000154654351444
0.000154644941684
0.000154635577349
0.000154626276903
0.000154617049887
0.000154607886768
0.00015459876555
0.000154589707129
0.000154580714421
0.000154571810394
0.000154562972063
0.000154554201088
0.000154545484957
0.000154536819238
0.000154528200156
0.000154519634491
0.000154511130169
0.000154502704919
0.000154494358257
0.000154486075698
0.000154477848084
0.000154469679928
0.000154461572672
0.000154453552806
0.000154445604163
0.000154437702007
0.000154429867179
0.000154422103499
0.000154414432657
0.000154406858027
0.000154399380416
0.00015439198729
0.000154384661024
0.00015437739149
0.000154370206888
0.000154363066565
0.000154355966008
0.000154348921675
0.000154341926606
0.0001543350153
0.000154328171501
0.000154321373211
0.000154314640612
0.000154307983385
0.000154301398025
0.000154294856651
0.000154288359545
0.00015428190037
0.000154275455335
0.000154269066149
0.000154262755733
0.000154256527711
0.000154250359624
0.000154244236185
0.000154238257507
0.000154232371231
0.000154226548459
0.000154220762441
0.000154215007539
0.000154209278674
0.000154203568281
0.00015419788102
0.000154192284989
0.000154186752901
0.000154181328522
0.000154175983896
0.000154170706604
0.000154165482566
0.000154160302216
0.000154155167347
0.000154150095952
0.000154145053784
0.000154140048539
0.000154135095527
0.000154130173559
0.000154125300327
0.000154120499615
0.000154115733781
0.000154111018039
0.00015410639767
0.00015410184341
0.00015409735062
0.000154092926583
0.000154088570422
0.000154084261775
0.000154080011554
0.000154075824414
0.000154071740924
0.000154067740989
0.000154063779331
0.000154059888049
0.000154056081485
0.000154052356093
0.000154048713044
0.000154045125055
0.000154041592254
0.000154038112733
0.00015403470843
0.000154031367718
0.000154028088587
0.000154024921446
0.000154021875573
0.000154018893317
0.000154015987735
0.000154013189912
0.000154010463079
0.000154007821823
0.000154005247955
0.000154002751846
0.000154000345699
0.000153998012927
0.000153995786021
0.000153993654795
0.000153991606325
0.000153989634453
0.000153987740048
0.000153985924691
0.000153984164665
0.000153982447635
0.000153980803964
0.000153979288374
0.000153977867989
0.00015397651523
0.00015397524121
0.000153974077369
0.000153973006993
0.00015397202985
0.000153971119165
0.000153970274464
0.000153969518627
0.00015396890162
0.000153968399543
0.000153967991226
0.000153967664395
0.000153967391024
0.000153967179646
0.000153967038762
0.000153967003861
0.000153967108129
0.000153967307074
0.000153967620635
0.000153968033463
0.000153968530469
0.000153969119478
0.000153969819174
0.000153970621765
0.00015397151705
0.000153972495151
0.000153973541347
0.000153974667355
0.000153975883134
0.000153977173321
0.000153978537248
0.000153979978849
0.000153981503286
0.000153983147307
0.000153984884183
0.000153986749233
0.000153988749861
0.000153990860465
0.000153993057568
0.000153995334007
0.000153997723989
0.000154000201977
0.000154002780654
0.000154005470788
0.000154008253597
0.000154011121293
0.000154014040282
0.000154017009739
0.0001540200443
0.000154023242486
0.000154026546867
0.00015402993083
0.00015403336862
0.000154036860171
0.000154040407898
0.000154044038481
0.000154047730768
0.000154051471742
0.000154055255388
0.000154059092808
0.000154062991845
0.000154066941795
0.000154070933029
0.00015407494059
0.00015407900613
0.000154083172878
0.000154087382923
0.0001540916109
0.000154095871374
0.000154100175486
0.000154104504112
0.000154108861954
0.000154113301413
0.000154117826748
0.000154122455054
0.000154127148063
0.000154131893499
0.000154136689483
0.000154141492888
0.000154146318058
0.000154151189283
0.000154156123267
0.000154161066995
0.00015416605513
0.000154171077981
0.000154176135773
0.000154181234827
0.000154186321005
0.000154191405187
0.000154196482445
0.000154201569652
0.000154206650344
0.000154211733322
0.000154216796482
0.000154221842625
0.000154226851249
0.000154231858129
0.000154236885588
0.0001542419103
0.000154246927218
0.000154251938059
0.000154256921276
0.000154261870015
0.000154266787273
0.000154271690679
0.000154276593964
0.000154281486616
0.000154286349972
0.000154291164366
0.000154295934169
0.000154300658512
0.000154305327598
0.000154309931964
0.000154314543427
0.000154319130055
0.000154323696681
0.000154328223199
0.000154332686066
0.000154337096571
0.000154341474163
0.000154345837764
0.000154350169418
0.000154354472451
0.000154358748337
0.00015436298795
0.000154367199275
0.000154371437183
0.000154375692168
0.000154379933224
0.000154384156784
0.000154388362082
0.000154392540253
0.00015439668658
0.000154400825498
0.000154404948706
0.000154409057668
0.000154413128105
0.000154417167394
0.000154421165117
0.000154425115216
0.000154429034563
0.000154432931925
0.000154436823791
0.000154440696643
0.000154444537565
0.000154448335899
0.000154452091128
0.000154455805124
0.00015445948776
0.000154463128864
0.000154466742311
0.000154470320692
0.000154473874202
0.000154477400856
0.000154480886436
0.000154484328289
0.000154487729043
0.000154491090275
0.000154494430512
0.000154497758644
0.000154501086546
0.000154504367582
0.000154507603879
0.000154510815043
0.000154514001833
0.000154517138962
0.000154520215425
0.000154523239519
0.000154526200641
0.000154529130113
0.000154532024619
0.000154534882893
0.000154537694641
0.000154540440905
0.000154543130234
0.000154545775558
0.000154548380257
0.00015455093528
0.000154553448837
0.000154555945458
0.000154558383003
0.000154560788227
0.000154563177337
0.000154565558127
0.000154567937958
0.000154570268785
0.000154572537651
0.000154574772726
0.000154576974869
0.000154579152067
0.000154581304226
0.000154583407335
0.000154585451605
0.000154587425733
0.000154589329695
0.0001545911665
0.000154592923227
0.000154594607946
0.000154596237345
0.00015459781655
0.000154599339152
0.000154600820888
0.000154602237843
0.000154603582886
0.000154604884395
0.000154606151346
0.000154607370049
0.000154608561667
0.000154609717733
0.000154610806916
0.000154611857601
0.000154612919485
0.000154613914394
0.00015461482527
0.00015461568781
0.000154616486934
0.000154617249608
0.000154617993885
0.000154618708799
0.000154619378211
0.000154619969532
0.000154620535133
0.000154621056593
0.000154621544813
0.000154621987503
0.000154622375111
0.000154622709998
0.000154622996919
0.000154623234681
0.000154623442502
0.000154623609853
0.000154623726099
0.000154623800251
0.000154623830656
0.000154623831376
0.000154623790223
0.000154623742637
0.000154623681384
0.000154623597549
0.000154623486962
0.000154623337543
0.000154623164082
0.000154622947498
0.000154622690867
0.000154622398213
0.000154622076065
0.000154621737523
0.000154621381421
0.000154620996598
0.000154620596478
0.000154620155403
0.000154619672109
0.000154619175514
0.000154618656034
0.00015461813383
0.000154617581006
0.000154616980608
0.000154616328572
0.000154615647994
0.000154614937041
0.00015461418593
0.00015461342392
0.000154612655605
0.000154611853986
0.000154611011933
0.000154610151605
0.000154609272138
0.000154608382441
0.000154607479998
0.00015460653664
0.000154605553268
0.000154604548741
0.000154603540138
0.000154602488222
0.000154601386992
0.000154600244628
0.000154599047619
0.000154597783965
0.000154596476145
0.000154595110119
0.000154593684042
0.000154592221467
0.000154590769417
0.000154589312684
0.000154587845119
0.00015458632185
0.000154584749863
0.000154583116825
0.000154581419325
0.000154579649883
0.00015457784212
0.000154575987009
0.000154574093768
0.000154572151949
0.00015457016245
0.000154568120505
0.000154566005445
0.000154563814206
0.000154561557054
0.000154559293947
0.000154556978231
0.000154554608762
0.000154552166835
0.00015454968237
0.000154547174058
0.000154544645773
0.00015454206787
0.000154539441603
0.000154536751247
0.000154534002047
0.000154531191607
0.000154528312122
0.000154525384532
0.000154522387757
0.000154519329692
0.000154516240533
0.000154513107778
0.000154509906179
0.000154506638651
0.000154503303832
0.000154499915725
0.000154496464008
0.000154492992645
0.000154489493828
0.000154485932509
0.000154482295669
0.000154478597158
0.000154474865884
0.000154471085253
0.000154467265457
0.000154463385486
0.000154459451231
0.000154455459044
0.000154451417055
0.000154447310956
0.000154443142475
0.000154438925382
0.000154434677168
0.000154430377026
0.000154426019733
0.000154421590672
0.000154417096779
0.00015441251877
0.000154407880752
0.000154403199828
0.000154398470254
0.000154393693836
0.000154388861976
0.000154383965417
0.000154379010999
0.000154374004653
0.000154368973764
0.000154363905888
0.000154358794623
0.000154353642557
0.000154348430215
0.000154343161011
0.000154337842617
0.000154332463894
0.000154327003624
0.000154321491996
0.000154315903029
0.000154310236483
0.000154304508887
0.000154298709699
0.000154292845494
0.000154286913148
0.000154280918002
0.000154274833349
0.00015426867302
0.000154262429402
0.000154256115019
0.000154249726978
0.00015424328315
0.000154236794804
0.00015423025446
0.000154223645516
0.000154216954053
0.000154210217235
0.000154203412397
0.00015419656478
0.000154189656351
0.000154182676403
0.000154175622009
0.000154168501328
0.000154161316948
0.000154154051769
0.000154146713461
0.00015413931924
0.000154131873025
0.000154124361279
0.000154116793459
0.000154109170105
0.000154101492994
0.000154093756347
0.000154085968217
0.000154078119825
0.000154070202775
0.000154062211804
0.00015405416641
0.000154046062408
0.000154037933131
0.000154029760431
0.000154021556693
0.000154013290338
0.000154004974118
0.000153996619032
0.000153988194319
0.000153979697916
0.000153971170655
0.000153962612408
0.000153953995063
0.000153945335746
0.000153936644456
0.000153927934462
0.000153919198097
0.000153910421879
0.000153901615314
0.00015389276028
0.00015388387987
0.000153874966473
0.000153865991311
0.000153856974659
0.000153847913751
0.000153838836762
0.00015382973447
0.000153820607153
0.000153811469675
0.000153802289844
0.000153793080865
0.000153783856593
0.00015377458522
0.000153765288232
0.000153755967241
0.000153746613536
0.000153737220681
0.000153727805561
0.000153718373645
0.000153708919709
0.000153699420232
0.000153689865789
0.00015368026723
0.000153670665348
0.0001536610585
0.00015365144162
0.000153641820083
0.000153632205836
0.00015362258505
0.000153612971806
0.00015360335194
0.000153593675912
0.000153583945075
0.000153574170955
0.000153564357481
0.000153554505884
0.000153544625648
0.000153534714539
0.000153524769007
0.000153514802163
0.000153504786852
0.00015349473435
0.000153484647867
0.000153474534708
0.000153464388728
0.000153454212184
0.000153443998997
0.000153433745197
0.000153423470118
0.000153413151962
0.000153402797746
0.000153392414679
0.00015338199982
0.000153371564843
0.000153361098155
0.000153350598909
0.000153340059743
0.000153329452259
0.000153318794477
0.00015330808759
0.000153297326811
0.000153286547246
0.000153275750066
0.000153264982374
0.000153254204673
0.00015324340937
0.000153232591455
0.000153221763136
0.000153210917733
0.000153200042683
0.000153189168606
0.00015317828836
0.000153167370241
0.000153156448628
0.000153145525306
0.000153134590896
0.000153123648787
0.000153112682795
0.000153101703028
0.00015309071765
0.000153079717427
0.000153068692407
0.00015305763501
0.000153046546535
0.000153035428768
0.000153024305471
0.000153013190288
0.000153002078446
0.000152990968925
0.0001529798544
0.000152968737156
0.000152957603828
0.00015294646199
0.000152935345239
0.000152924242679
0.000152913164896
0.000152902098219
0.000152891040759
0.000152880032162
0.000152869032901
0.000152858045175
0.000152847067239
0.000152836099532
0.000152825145004
0.000152814206808
0.00015280328261
0.000152792384542
0.000152781523761
0.000152770694764
0.000152759889092
0.000152749123586
0.000152738396044
0.000152727701606
0.000152717058206
0.000152706485711
0.000152695967957
0.000152685486576
0.000152675043732
0.000152664633347
0.000152654290687
0.000152643990397
0.00015263373096
0.000152623521598
0.000152613350781
0.000152603224434
0.000152593154895
0.000152583122544
0.000152573163048
0.000152563258318
0.000152553420414
0.000152543648329
0.000152533924139
0.000152524252397
0.000152514651271
0.000152505128082
0.00015249566876
0.00015248628661
0.000152476969273
0.000152467714369
0.000152458543533
0.000152449449678
0.000152440430962
0.000152431489
0.000152422623545
0.000152413826153
0.000152405087744
0.000152396416032
0.00015238780931
0.000152379248579
0.000152370740344
0.000152362287281
0.000152353892192
0.000152345589169
0.000152337363835
0.000152329202093
0.000152321131327
0.000152313139832
0.000152305224404
0.000152297376356
0.000152289609528
0.000152281934984
0.000152274321792
0.000152266777914
0.000152259304586
0.000152251900934
0.000152244562248
0.00015223729075
0.000152230100854
0.000152223011334
0.00015221601588
0.000152209125725
0.000152202300871
0.000152195537434
0.000152188850418
0.000152182236058
0.000152175683262
0.000152169212454
0.000152162817033
0.000152156496921
0.000152150235199
0.000152144025461
0.000152137902123
0.000152131846629
0.000152125841888
0.000152119888432
0.000152113986322
0.000152108175609
0.000152102453302
0.00015209681518
0.000152091237082
0.000152085689555
0.000152080184
0.000152074776176
0.000152069434901
0.000152064148758
0.000152058907179
0.000152053739509
0.00015204860851
0.000152043541326
0.000152038545058
0.000152033592123
0.00015202868319
0.000152023810185
0.00015201896141
0.000152014123067
0.00015200929429
0.000152004498337
0.000151999726645
0.000151994968154
0.000151990220226
0.000151985520781
0.000151980870409
0.000151976276786
0.000151971700366
0.000151967151312
0.000151962605245
0.000151958056698
0.000151953494912
0.000151948922789
0.000151944364608
0.000151939825169
0.000151935307424
0.000151930774958
0.000151926251032
0.000151921749376
0.000151917229676
0.00015191267601
0.000151908126745
0.000151903598615
0.00015189907312
0.000151894552498
0.000151890034523
0.000151885531241
0.000151881018488
0.000151876507099
0.000151871992159
0.000151867448155
0.000151862866825
0.000151858261268
0.000151853622178
0.000151848949156
0.000151844222571
0.000151839475269
0.000151834724187
0.000151829961728
0.000151825174578
0.000151820365671
0.000151815525316
0.000151810641572
0.000151805714036
0.0001518007324
0.000151795739035
0.000151790745303
0.000151785728932
0.000151780658258
0.000151775557035
0.000151770411358
0.000151765237361
0.00015176002456
0.000151754770497
0.000151749475737
0.000151744173574
0.000151738848873
0.000151733497574
0.000151728139625
0.000151722780469
0.000151717400674
0.000151711985165
0.000151706546939
0.000151701065654
0.000151695526432
0.000151689942368
0.000151684324333
0.000151678675913
0.000151672970311
0.000151667203622
0.000151661392232
0.000151655532608
0.000151649608455
0.000151643623321
0.000151637574279
0.00015163149374
0.000151625394228
0.00015161928967
0.000151613174715
0.000151607040338
0.000151600876542
0.000151594671485
0.00015158843085
0.000151582147201
0.000151575808874
0.00015156940636
0.000151562968251
0.00015155650128
0.000151550016548
0.000151543507153
0.000151536973926
0.000151530432325
0.000151523886166
0.000151517340019
0.000151510769353
0.000151504168637
0.000151497532591
0.000151490871811
0.00015148418913
0.000151477499499
0.000151470788236
0.000151464067019
0.000151457337005
0.00015145056029
0.000151443736568
0.000151436878604
0.00015143002899
0.000151423176385
0.00015141631485
0.000151409437286
0.000151402534085
0.000151395585079
0.00015138859383
0.000151381563474
0.000151374492334
0.00015136738234
0.000151360246919
0.000151353113926
0.000151345970838
0.000151338778887
0.000151331554653
0.000151324302209
0.000151317016829
0.000151309733981
0.000151302429397
0.000151295098258
0.000151287734224
0.0001512803589
0.000151272975289
0.000151265572283
0.000151258162288
0.00015125071413
0.000151243237345
0.000151235740134
0.000151228204785
0.000151220631996
0.000151213030753
0.000151205381491
0.000151197692858
0.000151189979197
0.000151182267664
0.000151174565655
0.000151166848207
0.000151159111639
0.000151151357593
0.000151143599286
0.000151135817186
0.000151128004609
0.000151120176884
0.000151112314649
0.000151104429751
0.000151096560878
0.000151088700469
0.000151080821118
0.000151072923174
0.000151065027107
0.000151057133094
0.000151049220299
0.000151041303137
0.000151033379285
0.000151025419005
0.000151017432574
0.000151009459994
0.000151001494038
0.000150993542557
0.000150985638593
0.000150977760729
0.000150969910008
0.0001509620825
0.000150954259026
0.000150946420874
0.000150938587074
0.000150930767172
0.000150922944712
0.000150915120072
0.000150907311856
0.000150899510755
0.000150891743533
0.000150883996922
0.000150876281356
0.000150868578819
0.000150860878369
0.000150853216786
0.000150845604981
0.00015083804609
0.00015083054948
0.000150823103083
0.000150815688796
0.000150808286435
0.000150800897928
0.000150793516422
0.000150786157501
0.000150778840779
0.000150771556496
0.000150764295009
0.000150757066532
0.000150749857851
0.000150742684991
0.000150735547496
0.000150728448723
0.000150721409481
0.000150714423848
0.000150707488058
0.000150700597085
0.000150693759355
0.000150686966961
0.000150680228637
0.000150673565057
0.000150666972065
0.000150660440623
0.000150653979017
0.000150647590543
0.000150641246241
0.000150634956547
0.000150628731398
0.000150622569711
0.000150616474448
0.000150610436438
0.000150604495244
0.000150598637346
0.000150592845437
0.000150587149957
0.000150581553467
0.000150576013514
0.000150570530038
0.000150565108955
0.000150559761717
0.00015055448194
0.000150549276185
0.000150544133189
0.000150539081436
0.00015053412024
0.000150529251092
0.000150524445071
0.00015051969564
0.000150514994737
0.000150510371532
0.000150505813063
0.000150501307137
0.000150496857265
0.000150492448979
0.000150488111474
0.00015048384493
0.000150479638398
0.000150475506274
0.000150471430666
0.00015046742195
0.000150463480122
0.000150459596977
0.00015045574976
0.000150451980195
0.00015044827607
0.000150444617469
0.000150440989464
0.00015043739192
0.000150433823373
0.000150430295202
0.000150426803974
0.00015042333649
0.000150419891231
0.000150416458232
0.000150413037528
0.000150409646196
0.000150406287947
0.000150402949836
0.000150399627525
0.00015039632527
0.000150393064715
0.000150389823525
0.000150386591266
0.000150383359322
0.000150380148463
0.000150376970249
0.000150373805396
0.000150370657574
0.000150367509923
0.000150364365629
0.000150361226576
0.000150358073676
0.000150354904899
0.000150351718745
0.00015034853951
0.000150345357124
0.000150342175407
0.000150339016293
0.00015033587017
0.000150332741289
0.000150329620231
0.000150326482455
0.000150323346642
0.000150320213332
0.000150317072328
0.000150313902057
0.000150310734541
0.000150307535971
0.000150304291851
0.000150301007444
0.00015029771572
0.000150294419402
0.000150291112133
0.000150287781631
0.000150284432779
0.000150281071459
0.000150277682296
0.000150274289591
0.000150270876387
0.000150267438133
0.000150263968937
0.000150260475112
0.000150256968062
0.000150253438278
0.000150249877097
0.000150246291792
0.000150242676373
0.000150239024337
0.000150235368264
0.000150231716792
0.000150228042247
0.000150224346201
0.000150220623299
0.000150216870433
0.000150213077449
0.000150209254229
0.000150205406989
0.000150201521442
0.000150197612921
0.000150193688111
0.000150189743872
0.000150185805612
0.0001501818561
0.000150177871372
0.000150173851417
0.000150169811213
0.000150165760949
0.000150161715696
0.000150157661206
0.000150153588713
0.000150149510028
0.000150145458646
0.000150141416589
0.00015013737444
0.000150133351004
0.000150129357599
0.000150125344087
0.000150121324876
0.000150117308021
0.000150113290625
0.000150109294882
0.000150105327801
0.000150101381243
0.00015009743831
0.000150093507986
0.000150089593988
0.000150085699398
0.000150081820157
0.000150077957101
0.00015007411258
0.000150070296696
0.000150066511552
0.000150062742076
0.000150058983696
0.000150055246536
0.000150051538281
0.000150047864308
0.000150044231882
0.00015004062185
0.000150037029269
0.000150033446509
0.000150029871064
0.000150026323119
0.000150022800313
0.000150019298646
0.000150015819187
0.000150012357899
0.000150008920591
0.000150005491644
0.000150002079345
0.000149998684264
0.000149995309171
0.000149991957684
0.000149988622894
0.000149985317213
0.000149982036135
0.000149978753334
0.000149975464888
0.000149972171352
0.000149968880544
0.000149965616229
0.000149962382036
0.000149959163797
0.000149955968272
0.000149952793042
0.000149949627644
0.000149946484552
0.000149943364048
0.000149940250211
0.000149937169725
0.000149934112444
0.000149931070629
0.000149928060214
0.00014992506516
0.000149922080291
0.000149919113456
0.000149916156108
0.000149913218008
0.000149910292342
0.00014990738004
0.000149904464407
0.000149901536032
0.000149898622994
0.000149895726876
0.000149892845413
0.000149889968558
0.000149887081792
0.000149884191723
0.000149881302146
0.000149878416807
0.000149875573135
0.000149872748422
0.00014986993429
0.000149867125855
0.000149864342714
0.000149861586861
0.000149858856169
0.000149856143598
0.000149853456947
0.000149850799312
0.00014984816369
0.000149845553797
0.000149842966054
0.000149840392164
0.000149837840796
0.000149835300671
0.000149832761467
0.000149830230531
0.000149827743676
0.000149825290157
0.000149822877251
0.000149820524493
0.000149818222271
0.000149815972707
0.000149813754372
0.000149811564683
0.000149809405434
0.000149807284981
0.000149805191201
0.000149803127368
0.000149801121595
0.000149799168553
0.000149797243609
0.000149795356677
0.000149793519211
0.00014979177105
0.000149790105769
0.000149788506381
0.000149786954155
0.000149785460828
0.00014978401742
0.000149782638207
0.000149781328687
0.000149780100317
0.000149778952431
0.000149777876361
0.000149776854094
0.000149775885143
0.00014977499715
0.000149774191635
0.000149773477022
0.000149772862416
0.000149772350367
0.000149771931017
0.000149771595399
0.000149771336168
0.000149771173629
0.000149771103404
0.000149771128781
0.000149771255663
0.000149771480348
0.000149771803576
0.000149772228774
0.000149772762722
0.000149773394504
0.000149774121185
0.000149774983164
0.000149775953678
0.000149777020467
0.000149778202797
0.000149779487824
0.000149780871314
0.000149782381199
0.000149784019877
0.000149785803242
0.000149787752218
0.000149789831329
0.000149792026655
0.000149794328914
0.000149796732373
0.000149799252998
0.000149801899818
0.000149804669585
0.00014980755322
0.000149810577016
0.000149813738364
0.000149817045173
0.000149820504671
0.000149824102546
0.000149827821468
0.000149831673209
0.000149835648385
0.000149839755029
0.00014984399496
0.000149848370763
0.0001498528684
0.000149857481724
0.000149862217038
0.00014986706433
0.00014987204912
0.000149877185197
0.000149882475899
0.000149887920331
0.000149893529725
0.000149899264368
0.000149905119577
0.000149911097614
0.000149917204177
0.000149923432662
0.000149929790988
0.000149936277825
0.00014994288633
0.000149949615586
0.000149956472593
0.000149963452342
0.000149970548998
0.000149977775351
0.000149985125079
0.000149992581972
0.000150000163787
0.000150007880468
0.000150015748584
0.000150023742154
0.000150031858934
0.000150040099372
0.000150048469995
0.000150056959431
0.000150065585059
0.000150074357887
0.000150083250714
0.000150092251761
0.000150101373272
0.000150110632187
0.000150120005191
0.000150129471997
0.00015013905566
0.000150148767602
0.000150158570593
0.000150168466426
0.000150178488554
0.000150188653199
0.000150198943146
0.000150209360771
0.000150219904647
0.000150230580109
0.000150241372564
0.000150252275983
0.000150263274543
0.000150274375599
0.000150285585122
0.000150296886354
0.000150308274787
0.000150319781432
0.00015033142248
0.000150343170921
0.000150354996854
0.000150366915952
0.000150378932524
0.000150391048065
0.000150403238392
0.000150415509471
0.000150427877129
0.000150440352503
0.000150452935551
0.000150465630635
0.000150478435042
0.000150491333033
0.000150504335269
0.000150517435913
0.0001505306297
0.000150543920477
0.000150557320272
0.000150570817666
0.000150584392364
0.000150598045446
0.000150611789385
0.000150625620072
0.000150639553753
0.000150653564899
0.00015066767067
0.000150681867959
0.0001506961645
0.000150710551368
0.000150725028268
0.000150739606501
0.000150754254217
0.000150768997477
0.000150783834801
0.000150798770941
0.000150813802106
0.000150828928401
0.000150844174617
0.000150859522135
0.000150874961947
0.00015089050012
0.000150906139375
0.000150921880011
0.000150937713963
0.000150953655165
0.000150969689081
0.00015098582354
0.00015100206416
0.000151018412594
0.000151034856182
0.000151051401787
0.000151068055717
0.000151084824166
0.00015110170701
0.000151118714679
0.000151135824576
0.000151153056556
0.000151170393094
0.000151187831735
0.000151205376152
0.000151223026567
0.000151240789405
0.000151258672668
0.0001512766916
0.000151294834695
0.000151313085615
0.000151331437666
0.000151349883613
0.000151368420687
0.00015138705548
0.000151405792507
0.000151424640836
0.000151443625257
0.000151462724804
0.000151481943424
0.000151501271882
0.000151520708834
0.000151540274366
0.000151559970079
0.00015157983003
0.000151599845377
0.0001516199666
0.000151640206889
0.000151660550003
0.000151680989032
0.00015170151784
0.000151722154682
0.000151742889814
0.000151763731652
0.000151784663812
0.000151805696693
0.000151826798219
0.000151847985576
0.000151869272648
0.000151890654682
0.000151912152023
0.000151933765598
0.000151955492331
0.000151977334044
0.00015199929204
0.000152021360741
0.000152043537489
0.000152065811852
0.000152088176318
0.00015211062147
0.000152133128398
0.000152155708813
0.000152178379528
0.000152201141956
0.000152223983389
0.000152246908727
0.000152269916321
0.000152292986671
0.000152316110911
0.000152339306758
0.000152362565393
0.000152385869328
0.000152409226571
0.000152432661866
0.000152456178837
0.000152479759066
0.000152503416734
0.000152527121212
0.000152550851716
0.000152574616776
0.000152598440001
0.000152622324547
0.000152646245855
0.000152670173801
0.000152694140403
0.000152718165264
0.000152742247183
0.000152766364606
0.000152790541905
0.000152814738781
0.000152838955027
0.000152863211344
0.000152887464398
0.000152911744322
0.000152936036852
0.000152960333517
0.000152984633468
0.000153008928126
0.000153033227042
0.000153057541242
0.000153081865121
0.000153106237271
0.000153130617521
0.000153154989856
0.000153179349879
0.000153203671548
0.000153227957876
0.000153252246312
0.000153276510575
0.000153300757446
0.000153324985459
0.000153349167418
0.000153373297659
0.000153397382541
0.000153421423248
0.000153445399351
0.000153469295807
0.000153493125914
0.000153516885504
0.000153540565683
0.00015356417811
0.000153587726547
0.000153611221842
0.00015363464399
0.000153657984166
0.000153681237849
0.000153704410406
0.000153727514553
0.000153750544292
0.000153773484153
0.000153796333441
0.000153819098142
0.000153841775547
0.000153864369989
0.00015388686643
0.000153909264742
0.000153931556756
0.000153953720788
0.000153975791373
0.000153997770541
0.000154019641578
0.00015404140245
0.000154063045591
0.000154084592578
0.00015410606325
0.000154127456365
0.000154148736977
0.00015416989319
0.000154190943561
0.000154211854382
0.000154232617113
0.00015425324431
0.000154273710298
0.000154294023509
0.000154314182102
0.000154334209413
0.000154354100526
0.000154373862448
0.000154393480609
0.000154412952583
0.000154432286548
0.000154451480204
0.00015447058109
0.000154489554691
0.000154508387939
0.000154527117557
0.000154545734851
0.000154564215753
0.00015458255841
0.000154600761654
0.000154618835705
0.000154636795607
0.000154654643521
0.000154672363343
0.000154689946655
0.000154707402589
0.000154724725717
0.000154741894586
0.000154758924991
0.000154775837744
0.000154792617826
0.00015480925107
0.000154825755052
0.000154842137214
0.000154858431541
0.000154874616311
0.000154890693221
0.000154906665394
0.000154922529169
0.000154938272368
0.000154953926829
0.000154969479927
0.000154984912844
0.000155000222235
0.000155015422591
0.000155030524188
0.00015504553775
0.000155060463029
0.000155075308892
0.000155090050766
0.000155104698518
0.000155119219293
0.000155133648208
0.000155147979013
0.000155162221812
0.000155176357321
0.000155190399704
0.000155204350013
0.000155218226374
0.000155232032098
0.000155245769791
0.000155259436127
0.000155273008082
0.000155286497603
0.000155299908204
0.000155313246223
0.00015532650703
0.000155339693006
0.000155352807094
0.000155365829185
0.000155378783231
0.000155391688493
0.000155404536512
0.000155417336548
0.000155430096377
0.000155442787149
0.000155455400445
0.00015546793434
0.000155480393407
0.000155492795352
0.000155505139259
0.000155517428209
0.000155529669604
0.000155541866054
0.000155554021924
0.000155566145696
0.000155578241181
0.000155590316525
0.000155602365993
0.000155614396579
0.000155626388969
0.000155638350053
0.000155650293648
0.000155662188117
0.00015567402916
0.000155685816681
0.000155697566553
0.000155709289852
0.000155720994584
0.00015573269312
0.000155744365356
0.000155755986358
0.000155767593204
0.000155779180906
0.000155790739534
0.000155802266705
0.000155813782731
0.00015582529139
0.000155836793257
0.000155848269386
0.00015585971996
0.000155871170394
0.000155882628627
0.000155894098012
0.000155905565913
0.000155917047667
0.000155928538433
0.000155940007071
0.000155951458095
0.000155962913745
0.000155974356319
0.000155985786158
0.000155997203173
0.000156008616519
0.000156020050623
0.000156031502741
0.000156042963726
0.000156054433992
0.000156065928396
0.000156077446025
0.000156088937058
0.000156100437056
0.000156111940639
0.00015612347569
0.000156135038528
0.000156146660203
0.000156158292491
0.000156169929534
0.000156181600794
0.000156193304729
0.000156205015232
0.000156216755182
0.00015622852077
0.000156240311371
0.000156252091286
0.000156263894119
0.000156275739115
0.000156287611288
0.000156299537856
0.000156311487749
0.000156323445412
0.000156335415673
0.000156347413689
0.000156359427265
0.000156371468667
0.00015638352524
0.000156395610151
0.000156407711188
0.000156419834571
0.000156431987047
0.000156444169605
0.000156456387273
0.000156468633449
0.000156480903837
0.000156493205155
0.000156505559871
0.000156517948734
0.000156530360219
0.000156542793238
0.000156555268701
0.000156567790325
0.000156580316279
0.000156592865083
0.000156605453552
0.000156618075087
0.000156630712752
0.00015664336816
0.00015665602178
0.000156668694534
0.000156681405933
0.000156694167539
0.000156706976592
0.000156719846997
0.000156732747014
0.000156745645048
0.000156758558292
0.000156771511252
0.000156784497877
0.000156797493846
0.000156810528669
0.000156823603698
0.000156836724379
0.000156849899551
0.000156863106121
0.000156876343965
0.0001568896248
0.000156902934571
0.000156916291715
0.000156929668507
0.000156943078588
0.000156956562302
0.000156970104143
0.000156983676933
0.000156997262039
0.000157010860965
0.000157024471355
0.00015703809955
0.000157051742723
0.000157065411718
0.000157079090428
0.00015709280327
0.000157106558645
0.000157120364854
0.000157134177638
0.000157147973374
0.000157161764816
0.000157175573027
0.000157189411014
0.000157203274372
0.000157217182482
0.000157231099373
0.000157245026431
0.000157258956045
0.00015727289771
0.000157286856112
0.000157300807571
0.000157314771672
0.000157328736278
0.000157342713516
0.000157356693955
0.000157370696854
0.000157384698906
0.000157398710613
0.00015741272826
0.000157426734979
0.000157440735037
0.000157454705167
0.000157468678399
0.000157482635895
0.000157496574971
0.000157510472369
0.000157524310392
0.000157538122048
0.000157551928386
0.000157565734792
0.000157579501563
0.00015759322098
0.000157606910303
0.000157620556626
0.000157634135032
0.000157647671705
0.000157661159165
0.00015767458818
0.00015768796809
0.000157701349307
0.000157714691774
0.000157727982693
0.000157741213738
0.000157754399019
0.000157767513601
0.000157780556943
0.000157793543826
0.00015780649232
0.000157819362769
0.000157832167962
0.000157844917405
0.000157857594621
0.000157870170249
0.000157882670132
0.000157895067935
0.000157907380368
0.000157919603451
0.000157931724734
0.000157943793774
0.000157955803905
0.000157967749197
0.000157979617098
0.000157991397933
0.000158003079036
0.000158014646813
0.000158026100063
0.000158037477379
0.00015804876927
0.000158059971963
0.000158071087783
0.000158082105118
0.000158093064866
0.000158103928152
0.000158114658013
0.000158125258472
0.000158135739477
0.000158146127452
0.00015815643947
0.00015816666367
0.000158176780266
0.000158186827442
0.000158196762269
0.000158206574616
0.000158216252215
0.000158225837495
0.000158235318876
0.000158244670818
0.000158253951297
0.000158263149327
0.000158272251327
0.000158281259688
0.000158290165674
0.000158299036311
0.000158307833823
0.000158316514014
0.00015832508484
0.000158333554047
0.000158341886833
0.000158350125209
0.000158358270059
0.000158366318342
0.000158374262624
0.000158382110154
0.000158389864057
0.000158397518845
0.000158405080849
0.00015841254484
0.000158419942841
0.000158427216123
0.000158434364822
0.00015844139345
0.000158448313963
0.000158455185434
0.000158461968167
0.000158468650459
0.000158475277567
0.000158481824856
0.000158488279019
0.00015849464779
0.000158500945306
0.000158507148003
0.000158513260419
0.000158519278919
0.00015852519642
0.000158531001054
0.000158536706124
0.000158542324947
0.00015854787366
0.000158553329753
0.000158558727037
0.0001585640612
0.000158569313487
0.000158574473367
0.00015857953312
0.000158584495985
0.000158589388029
0.000158594185073
0.00015859887111
0.000158603465144
0.000158607975365
0.000158612425163
0.00015861682992
0.000158621158212
0.000158625392097
0.000158629538255
0.00015863358706
0.000158637520147
0.000158641348452
0.000158645100378
0.000158648761054
0.000158652316457
0.000158655775335
0.000158659136794
0.000158662408958
0.000158665599795
0.000158668713134
0.000158671744237
0.000158674698668
0.000158677548567
0.000158680289061
0.000158682918705
0.000158685431179
0.000158687819474
0.000158690076564
0.000158692193825
0.000158694172955
0.000158696030775
0.000158697759675
0.000158699363276
0.000158700834511
0.000158702175259
0.000158703376941
0.000158704453872
0.000158705423017
0.000158706296265
0.000158707098264
0.00015870780199
0.000158708368917
0.000158708799471
0.000158709099058
0.000158709267386
0.000158709313014
0.000158709225184
0.000158708996187
0.000158708621635
0.00015870813883
0.000158707527304
0.000158706786476
0.000158705902499
0.00015870488816
0.000158703736521
