 0.247524023806
 0.247524023806
 0.247731795943
 0.24775529416
 0.247747890665
 0.24774465505
 0.24776934369
 0.24777659085
 0.247767064424
 0.247741191626
 0.247761974542
 0.247773897765
 0.247769344262
 0.247748597189
 0.247738597061
 0.247755497381
 0.247756071839
 0.247740660552
 0.247709629736
 0.247719459237
 0.247725276627
 0.247715325513
 0.247689982475
 0.24766356606
 0.247674762696
 0.247670382092
 0.24765081941
 0.247616402097
 0.247602057987
 0.247603367375
 0.247589776848
 0.247561579543
 0.24751909337
 0.247512228717
 0.247504807739
 0.247483041715
 0.247447255315
 0.247397847823
 0.24739360844
 0.247378382007
 0.247349476203
 0.247307232929
 0.247253952355
 0.247245576061
 0.24722379928
 0.247188915211
 0.247141306879
 0.247082183796
 0.247067614344
 0.24704034279
 0.247000739616
 0.246949026961
 0.24688545113
 0.246859497157
 0.24682783546
 0.246784451827
 0.24672962947
 0.246663631281
 0.246620516198
 0.246585772914
 0.246539887131
 0.246483177721
 0.246415906452
 0.246350712835
 0.246322299919
 0.246317899606
 0.246296967469
 0.246276831858
 0.246295433242
 0.24629752776
 0.246283358439
 0.246253148586
 0.246246659006
 0.246255517196
 0.24624832823
 0.246225339199
 0.246186820339
 0.246190613416
 0.246190709059
 0.24617529095
 0.246144541002
 0.246101791186
 0.246109409662
 0.24610176227
 0.246079058982
 0.246041511959
 0.246002956878
 0.246003295079
 0.245988866983
 0.245959862386
 0.245916539805
 0.245878396255
 0.245872505182
 0.245852355056
 0.245818141306
 0.245770149141
 0.245728687818
 0.245717602767
 0.245692765959
 0.24565443742
 0.245602791263
 0.245554087305
 0.245538849087
 0.245510424389
 0.245468982801
 0.245414742608
 0.245355181481
 0.245336850888
 0.245305786746
 0.245262242918
 0.245206441184
 0.245138672868
 0.245111697738
 0.245079112612
 0.245034510459
 0.244978145688
 0.244910287437
 0.24486333304
 0.244830242688
 0.244785695449
 0.244729841651
 0.244662930255
 0.244592479207
 0.2445598174
 0.24451615621
 0.244461731033
 0.244396789859
 0.244321577445
 0.244268173318
 0.244226491284
 0.244174485568
 0.244112394165
 0.244040498565
 0.243959089034
 0.243916322246
 0.243867709699
 0.243809489898
 0.243741857599
 0.243665114224
 0.243585836756
 0.243541504588
 0.243488052002
 0.243425624759
 0.243354495465
 0.243274979957
 0.243196169218
 0.243148276042
 0.243091851399
 0.243096046797
 0.243102931505
 0.243094528117
 0.243071284148
 0.243087927301
 0.243103642099
 0.243104168565
 0.243089949761
 0.243061272159
 0.243081372111
 0.243091415962
 0.243086730418
 0.243067644665
 0.243034589249
 0.243053563716
 0.243058809959
 0.243049867733
 0.243027053489
 0.242990735589
 0.243003932938
 0.24300555722
 0.242993449116
 0.242967862517
 0.242929143498
 0.24293193186
 0.242930942631
 0.242916707299
 0.242889437523
 0.242849435629
 0.242837353354
 0.242834656282
 0.24281920771
 0.242791286261
 0.242750965764
 0.242719546898
 0.242716195676
 0.242700526432
 0.242672743043
 0.242633062454
 0.242581650787
 0.24257468298
 0.242559777037
 0.24253311353
 0.242494910646
 0.24244528314
 0.242408970481
 0.242395760404
 0.242371272189
 0.24233568482
 0.242312491008
 0.242291286959
 0.242314162166
 0.242330824936
 0.242332375899
 0.242318992824
 0.242302488451
 0.242327275726
 0.242336989885
 0.242331866285
 0.242312207198
 0.242306674433
 0.242325101099
 0.242328711734
 0.242317785994
 0.242292576636
 0.242295030598
 0.242307837716
 0.242306152096
 0.242290248324
 0.242260350116
 0.242267824872
 0.242275814316
 0.242269635092
 0.242249519246
 0.242215712464
 0.24222512088
 0.242229179448
 0.242219341493
 0.242195826116
 0.24215890383
 0.242167081331
 0.242168009549
 0.242155343581
 0.242129249086
 0.242089971252
 0.242093775086
 0.242092389626
 0.242077651685
 0.242049741014
 0.242008926936
 0.242005132921
 0.242002181318
 0.24198616786
 0.241957270296
 0.24191565434
 0.241901093185
 0.241897438262
 0.241880899706
 0.241851682845
 0.241810035685
 0.24178158707
 0.24177795274
 0.241761661513
 0.241732994924
 0.241692068434
 0.241646338817
 0.241643457411
 0.241628248254
 0.241600853109
 0.241561408356
 0.241510167088
 0.241493983092
 0.241480477302
 0.241455003228
 0.241417779106
 0.241368930048
 0.241329069708
 0.241318094105
 0.241295387341
 0.241261081747
 0.241215317037
 0.241158414468
 0.241140974162
 0.241121749394
 0.241091113837
 0.241049196717
 0.240996206447
 0.240948773538
 0.240933646358
 0.240907296664
 0.240869919466
 0.240821672563
 0.240762748757
 0.240730792803
 0.240709448741
 0.240677289817
 0.24063445196
 0.240581075141
 0.240517372411
 0.240497238112
 0.240470901007
 0.240434103576
 0.240386998157
 0.240329701472
 0.240270379661
 0.240250622348
 0.240220519829
 0.240180152166
 0.240129807742
 0.240069637045
 0.240015847275
 0.239993091973
 0.239960362388
 0.239917699525
 0.239865292487
 0.239803365763
 0.239752028873
 0.239727442308
 0.239693096433
 0.239649101534
 0.239595580633
 0.239532681727
 0.239480766234
 0.239455310724
 0.23942034052
 0.239375943591
 0.239322265772
 0.239259415213
 0.239233046236
 0.239205364209
 0.239220711512
 0.239224105882
 0.23925593986
 0.239267417494
 0.239341487177
 0.239432260126
 0.239487766652
 0.239506084986
 0.239488676933
 0.239603727871
 0.239721125549
 0.23980533296
 0.239858570505
 0.23987220938
 0.239848365183
 0.23995685293
 0.240068576513
 0.240145620716
 0.240192340518
 0.240198994642
 0.240167358685
 0.240274105625
 0.240378429339
 0.240446926822
 0.240484030147
 0.240481926725
 0.240441214706
 0.240552174344
 0.240647708607
 0.240707187709
 0.240731937467
 0.240720396044
 0.240670118468
 0.240790629434
 0.240876357922
 0.240925652933
 0.240939638479
 0.240920688039
 0.240880413036
 0.240993172646
 0.241068303198
 0.241106759026
 0.241109322818
 0.241080205636
 0.241055967476
 0.241157388245
 0.241220903517
 0.241247517119
 0.241237918663
 0.241196233658
 0.241191941293
 0.241280916347
 0.241331941002
 0.241345918633
 0.241323633111
 0.241267337824
 0.241288765862
 0.241364453533
 0.241402321218
 0.241403265477
 0.241368034735
 0.241298225596
 0.241350088509
 0.241413334829
 0.241437968001
 0.241425685583
 0.241377387368
 0.241294381035
 0.241483083189
 0.241649957593
 0.24176892795
 0.241843820044
 0.241877524323
 0.241870803509
 0.242074442266
 0.24224405517
 0.24236427711
 0.242439397494
 0.242471608417
 0.242462722897
 0.242634934563
 0.242800666549
 0.242920379345
 0.242994350901
 0.243024313888
 0.24301170563
 0.243159088349
 0.243322129082
 0.243444001987
 0.243516550939
 0.243543936023
 0.243527194433
 0.243651592
 0.243810944428
 0.243930071789
 0.243998474882
 0.244021207079
 0.243999293003
 0.244106740553
 0.244260645846
 0.244371252515
 0.244433686607
 0.244450319195
 0.244421271084
 0.244518830916
 0.24466698513
 0.24476983355
 0.244829857456
 0.244840485838
 0.244804074243
 0.244893226184
 0.245033892933
 0.245129085515
 0.245182109562
 0.24518430529
 0.245139211999
 0.245224671247
 0.245356653627
 0.245442595132
 0.24548418053
 0.245476828122
 0.245422466412
 0.245510340633
 0.245632747062
 0.245708567309
 0.245738896266
 0.245726282718
 0.245663395352
 0.245755474913
 0.245867563449
 0.245933034726
 0.245952733119
 0.245930757944
 0.245857797382
 0.245958422518
 0.24605936055
 0.246113456013
 0.246121848727
 0.246085757145
 0.246001794365
 0.246116125173
 0.246205219208
 0.246247583297
 0.246243331344
 0.24619390464
 0.246108752585
 0.246233255657
 0.246310129333
 0.246340181574
 0.246323563358
 0.246261764711
 0.246198193689
 0.246309791843
 0.246373663236
 0.246390861064
 0.246361572695
 0.246288032724
 0.246247383876
 0.246345290092
 0.246395473535
 0.246399061289
 0.246356751729
 0.246270684835
 0.246257511031
 0.246343530912
 0.246380713868
 0.246371062602
 0.246315738139
 0.246216679292
 0.246233500633
 0.246305952861
 0.246329516421
 0.246306391329
 0.246238112206
 0.246126721228
 0.246176844691
 0.246233457867
 0.246243200556
 0.246215815698
 0.246226146951
 0.246426119801
 0.246575774864
 0.246666951626
 0.246704689356
 0.24668906337
 0.246666997812
 0.246865470434
 0.247010081595
 0.247100745714
 0.247136595445
 0.247117998732
 0.247067083165
 0.24726376695
 0.247404552365
 0.247495547921
 0.247528508212
 0.247506301418
 0.247432292383
 0.2476217017
 0.247758720964
 0.247842999223
 0.247871238267
 0.247844669526
 0.247765671803
 0.24793359512
 0.248065924974
 0.248144021927
 0.248171782389
 0.248142585004
 0.248058842996
 0.248205529432
 0.24833259991
 0.248405022122
 0.248425666025
 0.24839091385
 0.248301400159
 0.24843180438
 0.248553126375
 0.248619364894
 0.248631624363
 0.248595694982
 0.248501759037
 0.248617800759
 0.248733788047
 0.248793862493
 0.248799173089
 0.248756208593
 0.248655783472
 0.248760587603
 0.248870226898
 0.248923485037
 0.248921650121
 0.248868842056
 0.248766286157
 0.248863650108
 0.248966648729
 0.249013037184
 0.249004222022
 0.248943728904
 0.248834928727
 0.248928005203
 0.249023409921
 0.249062836921
 0.249046919107
 0.248978835903
 0.248860479866
 0.248955739551
 0.249043912187
 0.249076653981
 0.249053636165
 0.248978167025
 0.248852628768
 0.248949548433
 0.249029594482
 0.249054508401
 0.249023673824
 0.248940850987
 0.2488084017
 0.248908782369
 0.248982303896
 0.248999164831
 0.248961013656
 0.248870861193
 0.248731137552
 0.248838898416
 0.248904050269
 0.248912493531
 0.248867058837
 0.248769379209
 0.248631430172
 0.248741527199
 0.248796055065
 0.248797241892
 0.248743925986
 0.248638728658
 0.248518695194
 0.248619056131
 0.248664023573
 0.248657370678
 0.248595776061
 0.24848367314
 0.248385443131
 0.248475874903
 0.248511231399
 0.248493654009
 0.24846375776
 0.248562990511
 0.248596626452
 0.248571029037
 0.248487214727
 0.24855706676
 0.248714054639
 0.24880906136
 0.248844677089
 0.248819348839
 0.248734863293
 0.2487670525
 0.248923422354
 0.249016859885
 0.249053570132
 0.249027778469
 0.248942145448
 0.248937283423
 0.249092834651
 0.249185278334
 0.249217115996
 0.249193483822
 0.249107726728
 0.249067918166
 0.249222976007
 0.249314760123
 0.249344745507
 0.24931951374
 0.249232344993
 0.249159867702
 0.249314081431
 0.249404749059
 0.249433361588
 0.249404120808
 0.249319941269
 0.249217624984
 0.249371372471
 0.249461006862
 0.249488505524
 0.249457062812
 0.24937013564
 0.249240886649
 0.249393893351
 0.249482214428
 0.249508572973
 0.249475372851
 0.249386078954
 0.249244896293
 0.249386691912
 0.249473780322
 0.249498800477
 0.249464057648
 0.249373021899
 0.249226910986
 0.249347198456
 0.249432961506
 0.249456442365
 0.249419813415
 0.249327043726
 0.249178395437
 0.249280981034
 0.249365414227
 0.249387357392
 0.249348875841
 0.249253487765
 0.249151810455
 0.249268597824
 0.249360784329
 0.249572974288
 0.249808406378
 0.250015090442
 0.250192526901
 0.250340172649
 0.250457562802
 0.250544187985
 0.250599724686
 0.250623713911
 0.250615541504
 0.250574972215
 0.250701029736
 0.250940745751
 0.251151637399
 0.251333286526
 0.251484996559
 0.251606294711
 0.251696706501
 0.251755951047
 0.251783534689
 0.251778462348
 0.251741311429
 0.251671376105
 0.25172339425
 0.251936943919
 0.252121377319
 0.252276118604
 0.252400498337
 0.252493985971
 0.252556158995
 0.252586692092
 0.252585103583
 0.252551003758
 0.252484057089
 0.252383885066
 0.252371771958
 0.252557345916
 0.252713452397
 0.252839272564
 0.252934413333
 0.25299808366
 0.253030040039
 0.253029904461
 0.25299730001
 0.252931848308
 0.252832999032
 0.252866716814
 0.25295329471
 0.253084676023
 0.253191963188
 0.253276009024
 0.253336946794
 0.253375148137
 0.253390584681
 0.253553920017
 0.253774665403
 0.253973737656
 0.254150828087
 0.254305763826
 0.254438438684
 0.254548753371
 0.254636402176
 0.254701786857
 0.254744590476
 0.254764591776
 0.25479680038
 0.254938959791
 0.255054411911
 0.255201846487
 0.25535920555
 0.25549466063
 0.255607983678
 0.255699008135
 0.255767716668
 0.25585670775
 0.256054804657
 0.256227210424
 0.256373692703
 0.256494349415
 0.256589113158
 0.256655929225
 0.256695638149
 0.256708775091
 0.256695344027
 0.256670031974
 0.256895125661
 0.257095221652
 0.257270168171
 0.257419647968
 0.257543459193
 0.257641538359
 0.257713697312
 0.257759899301
 0.257779968107
 0.257773766666
 0.257741395901
 0.257682960039
 0.25773838363
 0.257916216917
 0.258069192448
 0.25819706381
 0.258299810274
 0.258377389162
 0.258429647844
 0.258456474827
 0.258457809851
 0.258433469465
 0.258383703177
 0.258308446769
 0.258207834703
 0.25831391434
 0.258446097912
 0.258553909516
 0.258637166641
 0.25869577124
 0.258729740706
 0.258738901581
 0.258723057685
 0.258682298637
 0.258616784468
 0.258526440361
 0.258576793026
 0.258606390653
 0.258689469495
 0.258880304982
 0.259080541289
 0.259254960633
 0.259404755244
 0.259529433819
 0.259628092631
 0.259702619397
 0.259751967344
 0.26002711041
 0.260313388273
 0.260575271657
 0.260812198153
 0.261025236691
 0.261213863621
 0.261377768201
 0.261516489565
 0.261629722487
 0.261717854302
 0.261875761124
 0.262101251311
 0.262296773558
 0.262464543942
 0.262603250015
 0.262712286337
 0.262791270799
 0.26284143411
 0.262982123448
 0.2631109504
 0.263336721701
 0.263610591805
 0.26385545747
 0.264071804928
 0.264259006135
 0.264416755628
 0.264546255953
 0.2646465381
 0.264718027715
 0.264760889915
 0.26477245484
 0.264756505115
 0.264712788698
 0.264905185805
 0.265141473068
 0.265349073739
 0.265529108496
 0.265680005017
 0.265801590632
 0.26589601822
 0.26596141992
 0.265997957638
 0.266005943668
 0.265985114971
 0.265934473728
 0.265857510085
 0.265752660334
 0.265853817808
 0.266027601587
 0.266172310526
 0.266289697164
 0.266378429613
 0.266438305609
 0.266471277996
 0.266476990402
 0.266454526829
 0.266404082258
 0.266325926929
 0.266219432512
 0.266255753177
 0.266291515592
 0.266294607519
 0.266267091938
 0.266209245298
 0.266120738034
 0.266094590182
 0.26609897265
 0.266074830527
 0.266026057381
 0.265950638087
 0.265849460936
 0.265721236402
 0.26570875227
 0.265714686886
 0.265690707831
 0.265635851883
 0.265551494131
 0.265436710784
 0.26529362497
 0.265122448376
 0.264922425775
 0.264691402966
 0.264496878927
 0.26437533766
 0.264228855221
 0.264057357339
 0.263917585599
 0.263872982888
 0.263798471786
 0.263695610786
 0.263564626876
 0.263405484416
 0.263218291281
 0.263004436408
 0.262763824145
 0.262497967233
 0.26220417991
 0.26188170959
 0.26153555891
 0.261281969228
 0.261053613837
 0.260802769614
 0.260529775482
 0.260234483155
 0.259982067216
 0.259783584242
 0.259560553896
 0.25931164745
 0.259036245329
 0.258736835661
 0.258413574885
 0.258067164884
 0.257696116698
 0.257300100574
 0.256882617886
 0.256544039038
 0.256246230036
 0.255928063057
 0.255589666012
 0.255231864064
 0.254853623461
 0.254456837548
 0.254150416851
 0.253882731215
 0.253602468611
 0.253308876275
 0.25300235355
 0.252682583677
 0.252349442603
 0.252003073092
 0.251697808489
 0.251445502542
 0.251183087474
 0.25091010223
 0.250626491232
 0.250476739458
 0.25045695678
 0.250363116292
 0.250197461877
 0.250158019583
 0.250278915341
 0.250322665483
 0.250290506509
 0.250185306124
 0.250009857438
 0.250020222125
 0.250125686116
 0.25015497183
 0.250110604518
 0.24999397655
 0.249808813067
 0.249871409592
 0.249960994337
 0.24997557642
 0.249918002182
 0.249789802945
 0.249595394941
 0.249711927646
 0.249785118616
 0.24978472266
 0.249713423607
 0.249573285698
 0.249410442452
 0.249540939424
 0.249597506408
 0.249582053052
 0.249496989073
 0.249345163938
 0.249248138677
 0.249360111619
 0.249399640279
 0.249368701665
 0.249270042128
 0.249107112947
 0.249077396809
 0.249170388971
 0.24919256444
 0.24914609268
 0.249033764808
 0.248858845513
 0.248897142546
 0.248970593802
 0.248975602677
 0.248913679939
 0.248793117589
 0.248680565211
 0.248708535335
 0.248762560651
 0.248812812573
 0.248824153834
 0.248769332036
 0.248650706341
 0.248570882328
 0.248710038509
 0.248780833558
 0.248784841948
 0.248723831429
 0.248599486082
 0.248704693984
 0.248792775575
 0.248798191865
 0.248726238589
 0.248658263286
 0.248718963174
 0.248875373901
 0.248949377901
 0.248941131806
 0.248851715505
 0.248682933267
 0.248881303579
 0.249023511753
 0.249083180676
 0.249061027145
 0.248958111921
 0.248812399252
 0.24902279616
 0.249150342767
 0.249195405492
 0.249159991167
 0.249043650517
 0.248948815651
 0.24914415213
 0.249256698491
 0.249286917899
 0.249236252418
 0.249106282063
 0.249064664483
 0.249244053933
 0.249340882635
 0.249355848395
 0.249290223468
 0.249147107498
 0.249160544336
 0.249323728525
 0.249404638056
 0.249404165027
 0.249323905232
 0.24916653477
 0.249236294953
 0.249382754492
 0.249447499462
 0.249431573671
 0.24933662033
 0.249165356019
 0.249292935152
 0.249422597391
 0.2494711663
 0.249439819792
 0.249330532185
 0.249145885166
 0.249330747528
 0.249443402271
 0.249475547073
 0.249428704319
 0.249305132863
 0.249175369963
 0.249350382818
 0.249445218361
 0.249460846839
 0.249398834185
 0.249261266078
 0.24919538714
 0.249351940578
 0.249429214757
 0.249428234906
 0.249350928722
 0.24919966463
 0.249197953369
 0.249335971897
 0.249395599504
 0.249378260489
 0.249286063068
 0.249121449761
 0.249183584902
 0.24930270387
 0.249344714165
 0.249311189849
 0.249204260101
 0.249026784474
 0.249152218143
 0.2492524164
 0.249277040947
 0.249227608989
 0.249106578402
 0.248947956113
 0.249104699985
 0.249186202735
 0.249193597599
 0.2491287491
 0.248994090445
 0.248904748376
 0.249041496848
 0.249104702419
 0.24909526303
 0.249015398224
 0.248867642619
 0.248846204229
 0.248963076209
 0.24900778929
 0.248981819938
 0.248887296255
 0.2487271447
 0.248772604854
 0.248869911656
 0.248896646835
 0.248854665483
 0.248746153644
 0.248574121909
 0.248684213636
 0.248762131484
 0.248771350506
 0.248713845874
 0.24859211647
 0.248454648192
 0.248581760982
 0.248640656701
 0.248632800004
 0.248560293532
 0.248425758937
 0.24835862231
 0.248465407641
 0.248505780151
 0.248481441718
 0.248394598809
 0.248248013707
 0.248248925174
 0.248335614853
 0.24835795869
 0.248317773891
 0.248217371263
 0.248059577588
 0.248125864796
 0.248192966025
 0.248197759689
 0.248142258814
 0.248028948284
 0.247880003957
 0.247989735894
 0.248037882539
 0.248025908216
 0.247955916983
 0.247830441292
 0.247751958054
 0.247841213504
 0.247870965868
 0.247842857427
 0.247758997296
 0.24762209
 0.247611288982
 0.247680680962
 0.247692644135
 0.247649019054
 0.247552193328
 0.24740473363
 0.247458431236
 0.247508513304
 0.247503411426
 0.247445078626
 0.24733583211
 0.247207361916
 0.247293581902
 0.247325162723
 0.247303748417
 0.247231400256
 0.247110617034
 0.247050974429
 0.247117100114
 0.247130822643
 0.247093877568
 0.247008341254
 0.246914686588
 0.246882625079
 0.246929484752
 0.246926117324
 0.246874331313
 0.246881370863
 0.246852512703
 0.246769838033
 0.246731084678
 0.246713259417
 0.246790728599
 0.246811701559
 0.246777949269
 0.246691701232
 0.246555626143
 0.246643942644
 0.246714308286
 0.246729390247
 0.246691072453
 0.246601679577
 0.246620402333
 0.246721438263
 0.246752515985
 0.246714824974
 0.246610358013
 0.246563992967
 0.246719112926
 0.246804230312
 0.246820547728
 0.246769238033
 0.246652494705
 0.246663425474
 0.246802093348
 0.246871729707
 0.246873612651
 0.246809314253
 0.246681112122
 0.246746855335
 0.246869494153
 0.246924199968
 0.246912406514
 0.24683596617
 0.246697223086
 0.246814844723
 0.246921867478
 0.246962148236
 0.246937306688
 0.24684930463
 0.246708751876
 0.246867296646
 0.246959212867
 0.246985703504
 0.246948557537
 0.24684998628
 0.246761860485
 0.246904561191
 0.24698200207
 0.246995430427
 0.246946774582
 0.246838515496
 0.246799681915
 0.246927041721
 0.246990485448
 0.246991511663
 0.246932165902
 0.246815091602
 0.246822435671
 0.246935022293
 0.246985158447
 0.246974486517
 0.246905242524
 0.246780144592
 0.246830419518
 0.246928752298
 0.246966176291
 0.246944553413
 0.246866263008
 0.246734056231
 0.246823693146
 0.246908265215
 0.246933643044
 0.24690172246
 0.246815062666
 0.246676560963
 0.246802290221
 0.24687370957
 0.246887669633
 0.246846302011
 0.246752156728
 0.246650252267
 0.246766605978
 0.246825540147
 0.246828833719
 0.246778678815
 0.24667774413
 0.246614143511
 0.246716868928
 0.246763873001
 0.246757076753
 0.246698810089
 0.246591810835
 0.246563507187
 0.246671845576
 0.246781371219
 0.246878526834
 0.246962049466
 0.247027698094
 0.247080069529
 0.247116020477
 0.247134307551
 0.247133043607
 0.247111650465
 0.247115997194
 0.247227502909
 0.247325250428
 0.247409412951
 0.247476437648
 0.247525104975
 0.247554398349
 0.247563935146
 0.247553965255
 0.247523861025
 0.247471192958
 0.247534846958
 0.247631723582
 0.24771123127
 0.247771313704
 0.247812808212
 0.247834818573
 0.247835878741
 0.247814001466
 0.247769964392
 0.247733414321
 0.247811208586
 0.247871707306
 0.247912290411
 0.247932248061
 0.247950764801
 0.247959096675
 0.247945365882
 0.24800330834
 0.248114208544
 0.248207494399
 0.248281314088
 0.248335158983
 0.248367107042
 0.248377117021
 0.248363875275
 0.248326115608
 0.248262757876
 0.248318085279
 0.24842016805
 0.24850255493
 0.248566397837
 0.248608615353
 0.248628544442
 0.248624584841
 0.248595562235
 0.248541186816
 0.2484584668
 0.248464311923
 0.248556539289
 0.248628607437
 0.248678014162
 0.248702743245
 0.248702973246
 0.248679219162
 0.248628894508
 0.24854981768
 0.24844175554
 0.248439707058
 0.248517290974
 0.248571270964
 0.24860158296
 0.248608242379
 0.248586983594
 0.248538133021
 0.248460648498
 0.248354168132
 0.248215976674
 0.248248050608
 0.248304461441
 0.24833618271
 0.248343008501
 0.248324261395
 0.248275860346
 0.248198567988
 0.248091019582
 0.247950814541
 0.247831707514
 0.24788642199
 0.247918398463
 0.247923304293
 0.247901315537
 0.247851700631
 0.247772647291
 0.247662929329
 0.247521312165
 0.247346745889
 0.247331993974
 0.247358496667
 0.247359236119
 0.24733354389
 0.247372489482
 0.24740970393
 0.247429834903
 0.247432277688
 0.247415937805
 0.247463486106
 0.247500503801
 0.247566927597
 0.247656293989
 0.247713011367
 0.247734200617
 0.247719534179
 0.247668418957
 0.247572697826
 0.247619435674
 0.247750103082
 0.247849982417
 0.247917922693
 0.247952584503
 0.247951819754
 0.247914224161
 0.247839210212
 0.247719569439
 0.247808237126
 0.247915687529
 0.247991719292
 0.248035859658
 0.248046409033
 0.248021116093
 0.247958632889
 0.247857378268
 0.247763957963
 0.247865641901
 0.247960566325
 0.248055961669
 0.248135322571
 0.248197080823
 0.248241358461
 0.248333791836
 0.248434028013
 0.248519539108
 0.248585618956
 0.248633217507
 0.24866327287
 0.248767633414
 0.248855005575
 0.248924715622
 0.248974308548
 0.249004196388
 0.24905428487
 0.249143708444
 0.249216126044
 0.249267344297
 0.249297136928
 0.249334539232
 0.24938651659
 0.249457885229
 0.249508272734
 0.24955602495
 0.249617706954
 0.249657841824
 0.249672830862
 0.24971123926
 0.249796038239
 0.249856471001
 0.249891912972
 0.249902428805
 0.249903232477
 0.249987126506
 0.250044825453
 0.250076476126
 0.250082515887
 0.250059521432
 0.250133300158
 0.250187766964
 0.250214097271
 0.250212044585
 0.25018182674
 0.25023388697
 0.250283500273
 0.250303369194
 0.250293027496
 0.250252197926
 0.250287726169
 0.250331589594
 0.250344087089
 0.250324451284
 0.250412682772
 0.250531994734
 0.250630787381
 0.250709381179
 0.250765284909
 0.250820339676
 0.250945383383
 0.251048277365
 0.251129293267
 0.251186033474
 0.251219579754
 0.251312695419
 0.251417476758
 0.25149927682
 0.251556436371
 0.25158869464
 0.251634245156
 0.251742190723
 0.251824520973
 0.251880993803
 0.251910329523
 0.251913190895
 0.252019160658
 0.252100366777
 0.25215477256
 0.252180313469
 0.252177271076
 0.252248115533
 0.252326176991
 0.252376702021
 0.252396753869
 0.252386217496
 0.252428960242
 0.252504505543
 0.252550679158
 0.25256407278
 0.252545149916
 0.252564761429
 0.252633923565
 0.252672274235
 0.252677456482
 0.252648833635
 0.252652031849
 0.252713047632
 0.252742566197
 0.252738119487
 0.252698389041
 0.25269152457
 0.252743997341
 0.252765673984
 0.25275115455
 0.252699404906
 0.252687827904
 0.252731259241
 0.252742811516
 0.252716230625
 0.252650995836
 0.252639759178
 0.252672706274
 0.252671532754
 0.252632178821
 0.252552574477
 0.252547707592
 0.252569411295
 0.252555420461
 0.252502940317
 0.25240802147
 0.252472831942
 0.252577826093
 0.252659112323
 0.252714603957
 0.252742791239
 0.252782968656
 0.252888054464
 0.252967782355
 0.253020615243
 0.253045275821
 0.253048858168
 0.253152885997
 0.253230200935
 0.253279604252
 0.253299623549
 0.253289786998
 0.253372423024
 0.253446291393
 0.253491341876
 0.253505612636
 0.253488629042
 0.253547653085
 0.253616801706
 0.253656486762
 0.253663725328
 0.253638059954
 0.253678849461
 0.253742204901
 0.253775093646
 0.253773914674
 0.253739914886
 0.253765194999
 0.253821637497
 0.253846277366
 0.253835057528
 0.253796363823
 0.253806662953
 0.253855288046
 0.253870362155
 0.25384856362
 0.25380440745
 0.253805038103
 0.253844659549
 0.253848981456
 0.253815711274
 0.253766752374
 0.253761234174
 0.253791001624
 0.25378413992
 0.253738624976
 0.253685970523
 0.253677076795
 0.253696384388
 0.253677710536
 0.25361939676
 0.253563073272
 0.253553877926
 0.253562216276
 0.253531256494
 0.253462532732
 0.253396814723
 0.253393654448
 0.253390763483
 0.253347104267
 0.253274294731
 0.253191309723
 0.253199240537
 0.253184590432
 0.253257996339
 0.253316097198
 0.253337446605
 0.253320885456
 0.253372789805
 0.253459571934
 0.253510422802
 0.253523279568
 0.253496783228
 0.25353697518
 0.253617598243
 0.253660320472
 0.253663421212
 0.253625582197
 0.253659656958
 0.253732933884
 0.253766476029
 0.253758858021
 0.25370858925
 0.253741259646
 0.253805974712
 0.25382924367
 0.253809950485
 0.253746306852
 0.253782866422
 0.253838012453
 0.253849962771
 0.253817779451
 0.253739567231
 0.25378504084
 0.253830215083
 0.253830074905
 0.253783802776
 0.25368982104
 0.25374843952
 0.253782926684
 0.253769892249
 0.253709009329
 0.253611285669
 0.253674229203
 0.253698783604
 0.253690058784
 0.253645164025
 0.253575585244
 0.253629614936
 0.253647690678
 0.253629821409
 0.25357414267
 0.253505636972
 0.253551935083
 0.253561375638
 0.253534320147
 0.253467626963
 0.253403216555
 0.253441387236
 0.253441712203
 0.253403927081
 0.253325750278
 0.253268715856
 0.253298557164
 0.253289261519
 0.253240057938
 0.253149830749
 0.253103349456
 0.253123715578
 0.253104576772
 0.25304422033
 0.252942017873
 0.252908524984
 0.252919430889
 0.25288968503
 0.252817891848
 0.252703445025
 0.252685363
 0.252686496387
 0.252646082501
 0.252562528093
 0.25255536956
 0.252545948455
 0.25250569026
 0.252449083936
 0.25244667948
 0.252449372597
 0.252432980439
 0.252477792177
 0.252506456894
 0.252494217525
 0.252440673795
 0.252447805736
 0.252507968184
 0.252527376798
 0.252504773528
 0.252439561572
 0.252452786886
 0.252504113807
 0.252513575197
 0.252479784565
 0.252402528789
 0.252426138415
 0.252468134895
 0.252467067908
 0.252421633947
 0.25235110518
 0.252369182654
 0.252401390332
 0.252389404635
 0.252403049304
 0.252406485723
 0.252379453729
 0.252340317874
 0.252402194877
 0.252431635296
 0.252428793961
 0.252393975838
 0.252348544734
 0.252405102461
 0.252428224042
 0.252418322294
 0.252375239057
 0.252326281918
 0.252376882359
 0.252393818253
 0.252376719346
 0.252325001917
 0.252274699248
 0.252318954526
 0.252328751382
 0.252303744525
 0.252243224109
 0.252194587253
 0.252232310377
 0.252234707028
 0.252201387142
 0.252131872239
 0.252087851655
 0.252118417325
 0.252112814801
 0.252070867261
 0.251991867297
 0.251954682045
 0.251977358711
 0.251963353238
 0.251912329758
 0.251823475387
 0.251795660485
 0.251810577918
 0.251788041424
 0.251727703395
 0.251629205355
 0.251611932214
 0.251618750023
 0.251587553772
 0.251517756844
 0.251409432561
 0.251405458857
 0.251403842158
 0.251363434895
 0.251283891983
 0.251165348739
 0.251176339604
 0.251166044948
 0.251116349179
 0.25102688026
 0.250978910738
 0.250983757544
 0.250984528458
 0.250981242743
 0.250973962604
 0.250962700362
 0.250947483583
 0.25093141717
 0.250932071465
 0.25092866718
 0.250921229153
 0.250909821372
 0.25089445761
 0.250875178694
 0.250852014646
 0.250824994428
 0.250812578312
 0.250801546658
 0.250786591427
 0.250767746973
 0.250745064213
 0.250718529647
 0.250688203744
 0.250654157147
 0.250624276744
 0.250606336931
 0.250584559517
 0.250559002999
 0.250529695075
 0.250496697442
 0.250704610722
 0.250923384895
 0.251131218217
 0.251328212762
 0.25151441523
 0.251706216227
 0.251985524418
 0.252251917128
 0.252505475225
 0.252746349198
 0.252974362622
 0.253189611306
 0.253392206422
 0.253582209282
 0.253759679047
 0.25392466841
 0.25410678028
 0.254399285932
 0.254679264946
 0.25494677572
 0.255201863479
 0.255444507675
 0.255674742554
 0.255892545789
 0.256097818209
 0.256290619351
 0.256470878616
 0.256638645873
 0.256793887827
 0.256936502395
 0.257066467983
 0.257183731006
 0.257428565938
 0.257674202764
 0.257907474167
 0.258128316032
 0.258336644149
 0.258532319304
 0.258715387209
 0.258885685577
 0.259043164435
 0.259187743232
 0.259319377225
 0.259562625044
 0.259791348442
 0.260005245625
 0.260204269914
 0.260388331897
 0.260557276535
 0.260710932961
 0.260849269431
 0.261027580372
 0.261323494589
 0.261605016073
 0.261871924929
 0.262124129513
 0.262361478583
 0.262583866944
 0.262791172731
 0.262983239289
 0.263160059501
 0.263321508697
 0.263467523012
 0.263597997008
 0.26371291352
 0.263812244318
 0.263895977752
 0.264122890624
 0.264366654602
 0.264595387227
 0.264808996293
 0.265007356644
 0.26519041487
 0.265358103268
 0.265510405896
 0.265647257407
 0.265768654156
 0.265874579482
 0.265965015129
 0.266130322821
 0.266330100368
 0.266511997436
 0.266675907349
 0.266821768856
 0.266949571075
 0.267059259808
 0.267150855406
 0.267376438918
 0.267658235741
 0.267922873142
 0.268170231431
 0.268400212603
 0.268612713929
 0.268807704012
 0.268985123813
 0.269144928177
 0.269287065139
 0.269411535977
 0.269518341867
 0.269607474067
 0.269816626605
 0.27002574765
 0.270214412125
 0.270382584305
 0.270530140304
 0.27065702896
 0.270763205453
 0.270894384662
 0.271220472182
 0.27152751243
 0.271815326972
 0.272083716153
 0.272332687023
 0.27256205037
 0.272771746819
 0.272961667923
 0.273131734927
 0.273281856076
 0.273411990136
 0.273522123605
 0.273612195897
 0.273682146543
 0.273731983224
 0.273872986234
 0.274138912661
 0.274386204804
 0.274614715073
 0.274824360751
 0.275015069422
 0.275186770263
 0.275339343068
 0.275472734786
 0.275586870834
 0.275681684898
 0.275757102459
 0.275813044352
 0.275849407988
 0.275866230653
 0.275863454427
 0.276044879873
 0.276253151748
 0.276443322877
 0.276615295742
 0.276768988665
 0.27690424262
 0.277021004473
 0.277119171495
 0.277198700961
 0.277259440917
 0.277301326575
 0.277324280763
 0.277328264549
 0.277313257817
 0.277279179814
 0.277305230895
 0.277475184267
 0.277627657058
 0.277762504698
 0.277879644629
 0.2779789542
 0.27806038924
 0.278123926153
 0.27816942388
 0.278196774861
 0.278205987028
 0.2781969632
 0.278169606752
 0.278123917105
 0.278059948091
 0.277977693929
 0.278086393035
 0.278201229168
 0.278299187404
 0.278380122168
 0.278443985939
 0.278490740263
 0.278520377559
 0.278532810576
 0.278527990451
 0.278505870868
 0.278466454962
 0.278608946228
 0.278782178453
 0.278935880543
 0.279069876172
 0.279184251318
 0.279278976601
 0.279354100419
 0.279409512042
 0.279445302453
 0.279461591342
 0.279458224562
 0.279435294359
 0.279392941831
 0.279554834057
 0.279724376804
 0.279875161816
 0.280007174819
 0.280120372262
 0.280214799585
 0.280290453793
 0.280347399153
 0.280385671473
 0.280405332183
 0.280406491966
 0.280389212215
 0.280353581962
 0.280299569773
 0.280355939104
 0.280432470289
 0.280488309901
 0.280583662661
 0.280674951984
 0.280748571052
 0.28080461872
 0.28084334004
 0.280864680449
 0.280868646205
 0.281030185151
 0.281173530047
 0.281297804822
 0.281402749811
 0.281488462351
 0.281554869611
 0.281602107634
 0.281630124523
 0.281638905413
 0.281628401004
 0.281598884086
 0.281550430478
 0.281482975151
 0.281396620379
 0.28142219698
 0.281550573784
 0.28166156886
 0.281755097394
 0.281831012404
 0.281889122776
 0.281930389409
 0.281954525916
 0.28196144618
 0.282059730087
 0.282242019254
 0.282405549204
 0.282624245884
 0.282823397853
 0.28300261545
 0.283162628488
 0.283303743977
 0.28342624345
 0.283530204702
 0.283693326448
 0.283945975139
 0.284178394723
 0.284390533228
 0.284582289532
 0.284753714495
 0.284905143982
 0.285036680794
 0.285148613282
 0.285240865817
 0.28531384862
 0.285367362751
 0.285401933373
 0.285417889317
 0.28558630708
 0.285747306767
 0.28604750477
 0.28646778654
 0.286866447408
 0.287243838831
 0.287599859852
 0.287934401829
 0.288247611393
 0.288539761484
 0.288810927409
 0.28906128139
 0.289290900081
 0.289499767415
 0.289688226931
 0.289856345398
 0.290004281056
 0.290132293472
 0.290240205369
 0.290328147507
 0.290396652436
 0.290445833843
 0.29047564752
 0.290615253125
 0.290780678818
 0.290925101515
 0.291048436372
 0.291150741609
 0.291231953286
 0.291335559604
 0.291496575948
 0.29163957713
 0.291764622261
 0.291871711421
 0.291961103643
 0.292032711148
 0.292086399771
 0.292122072268
 0.292139795241
 0.292139419709
 0.292121102425
 0.292128308658
 0.292239102183
 0.292330996403
 0.292403879302
 0.292457809165
 0.292492904436
 0.29250894561
 0.292505996969
 0.292483853474
 0.29244233016
 0.292381640871
 0.292301737953
 0.292202172435
 0.292082523485
 0.29194242999
 0.291782092598
 0.291601274849
 0.2914298241
 0.291364805882
 0.291281756608
 0.29118062203
 0.291060929585
 0.290922435408
 0.290764452971
 0.29058682113
 0.290389191585
 0.29017122574
 0.289932566927
 0.289672651787
 0.289391448542
 0.28908816696
 0.288763082386
 0.288521963144
 0.288343438615
 0.288143468496
 0.287921382532
 0.287676617963
 0.287409055648
 0.287118174137
 0.286804046269
 0.286465644439
 0.286103374579
 0.285904693584
 0.285684860771
 0.285443476499
 0.285179974624
 0.284893653461
 0.284583970787
 0.284250360132
 0.283892749251
 0.283510507653
 0.283103419015
 0.282670841391
 0.282211913027
 0.281823499739
 0.281547387771
 0.281246518912
 0.280920456386
 0.280569159412
 0.28019170669
 0.279787389589
 0.279355582931
 0.278895819329
 0.278475312133
 0.278169706817
 0.277839525487
 0.277483849788
 0.277102010181
 0.276694077746
 0.276259306152
 0.275797383307
 0.275307984618
 0.274790326034
 0.274243739862
 0.273667539213
 0.273061233516
 0.272424237418
 0.271756560071
 0.271058482616
 0.270328885903
 0.269567267226
 0.268773433739
 0.267947177385
 0.267088366656
 0.266196692642
 0.265657568398
 0.265257656524
 0.264830359921
 0.264375583847
 0.263892532974
 0.263382087069
 0.262843053117
 0.262274399243
 0.261676129869
 0.261047977987
 0.260389718429
 0.259701472177
 0.258983134133
 0.258234326717
 0.257658049898
 0.257183883373
 0.256696951166
 0.256196489743
 0.255681558324
 0.255157006267
 0.254620031348
 0.254070715345
 0.253508594185
 0.252933183046
 0.252345947903
 0.251745328647
 0.251130798833
 0.250503796156
 0.249865185689
 0.249253325675
 0.248729763229
 0.248196250234
 0.247652417193
 0.247098591573
 0.246535105649
 0.245962184839
 0.245401855537
 0.244858509333
 0.244300792602
 0.243729487923
 0.243149480109
 0.242602011429
 0.242045476669
 0.241481221449
 0.240908395021
 0.240329220237
 0.240287516428
 0.240238877827
 0.240177357729
 0.240138991488
 0.240112928403
 0.2400745297
 0.24002364575
 0.239959986653
 0.239911596906
 0.23988277909
 0.239841805695
 0.239788424025
 0.239722420324
 0.239666068905
 0.239634224258
 0.23961632525
 0.239663033301
 0.239691409096
 0.239678937018
 0.239622698692
 0.239547307282
 0.239683895069
 0.239782862631
 0.239843283364
 0.239860331513
 0.239835231089
 0.239767214431
 0.239692845566
 0.23982378747
 0.239913442413
 0.239962700433
 0.239969033752
 0.23993332711
 0.239854575672
 0.239788274442
 0.239910441181
 0.239992136449
 0.240031782362
 0.240027284475
 0.239985385558
 0.239943061291
 0.239957743573
 0.240072171644
 0.240152712287
 0.240199571608
 0.240210455846
 0.240190364408
 0.240138347698
 0.240169271656
 0.240272362827
 0.240340594889
 0.240376826745
 0.240380687771
 0.240350448611
 0.240287044189
 0.240327023327
 0.240417564707
 0.240477638904
 0.240504560363
 0.24049670866
 0.240454015163
 0.240376092482
 0.2404361645
 0.24051868901
 0.240567164622
 0.240581404407
 0.240560848031
 0.240503623156
 0.240410780548
 0.240486881837
 0.240558643584
 0.240595958697
 0.240766010195
 0.240949088261
 0.241124356359
 0.241296394473
 0.241564243297
 0.241825655136
 0.242080513628
 0.242328193501
 0.242568693389
 0.242801833415
 0.243027639658
 0.243245800377
 0.243456974923
 0.243661047907
 0.243877034696
 0.244163875648
 0.24449909562
 0.244827595231
 0.245147841457
 0.2454596305
 0.245762568868
 0.246057511008
 0.246345309365
 0.246625330435
 0.246896611681
 0.247158874135
 0.247412017738
 0.24765672321
 0.247892285791
 0.248118181964
 0.248335181793
 0.248543836113
 0.248743986412
 0.24901467807
 0.249318467246
 0.249613604186
 0.249900020873
 0.250176985524
 0.250444468154
 0.250704292577
 0.250955515115
 0.251197586685
 0.251429817276
 0.251652946678
 0.251866572996
 0.252072715219
 0.252269688406
 0.25245644806
 0.252632961524
 0.252798786961
 0.252953513307
 0.253156287849
 0.253415971447
 0.253666412017
 0.253906737963
 0.254136770656
 0.254357685076
 0.254568392573
 0.254768441361
 0.25495757417
 0.255137830826
 0.255308192555
 0.255467869273
 0.255616642038
 0.25575376966
 0.255879602374
 0.255992730088
 0.256093168713
 0.256181882752
 0.256258238363
 0.256438955121
 0.256624985531
 0.256800037352
 0.256962949245
 0.257114312267
 0.257253653804
 0.257380951207
 0.257496994914
 0.257601375325
 0.257693305725
 0.257773477827
 0.257839701164
 0.257893725797
 0.257935585171
 0.257963542311
 0.257979115079
 0.257982753416
 0.25800235106
 0.25811326159
 0.258211494301
 0.258297572796
 0.258371631905
 0.258432223058
 0.258479873811
 0.258514120189
 0.258535433856
 0.25854337468
 0.258537532213
 0.258519027657
 0.258487291219
 0.258441102931
 0.25838194392
 0.258309450301
 0.258222789325
 0.258123436857
 0.258165220073
 0.25819165888
 0.258203345747
 0.258199063517
 0.258180834065
 0.258149497273
 0.258102391513
 0.258039060591
 0.257959996588
 0.257865313382
 0.257754349911
 0.257627124552
 0.257485617681
 0.257346167382
 0.257326740777
 0.25729062452
 0.257239786994
 0.25717554595
 0.257095829261
 0.25700011018
 0.256890156296
 0.256765393643
 0.256625624621
 0.256471006214
 0.256300990079
 0.256422845562
 0.256571001229
 0.256736159926
 0.256889637105
 0.257028529862
 0.25715328469
 0.257264416419
 0.257433919974
 0.257590750695
 0.257731556699
 0.257855786414
 0.258024900797
 0.258194805379
 0.258349307864
 0.258487283881
 0.258609286108
 0.258715762799
 0.258804079949
 0.258876033232
 0.259123339791
 0.259354087729
 0.259568501386
 0.259765538155
 0.259946947955
 0.260114205136
 0.26026603458
 0.260471623704
 0.260668274241
 0.260850987617
 0.261018620104
 0.261170693171
 0.261307728188
 0.261429654607
 0.261533190159
 0.261620492861
 0.261691495572
 0.261746438359
 0.261785491602
 0.261810866328
 0.26182201761
 0.261818646182
 0.262037283638
 0.262259883974
 0.262469063404
 0.262664007644
 0.262844144635
 0.263009944049
 0.263162431223
 0.263296892371
 0.26341541971
 0.263518925138
 0.263607346818
 0.263679989662
 0.263739022828
 0.263783800211
 0.263814578393
 0.263830772208
 0.263832363377
 0.263819907616
 0.263794450506
 0.263755793412
 0.263932578816
 0.264108828469
 0.26427292086
 0.26441903765
 0.264550736239
 0.264668501933
 0.264770748547
 0.264859942982
 0.264935707126
 0.264997962639
 0.265046723842
 0.265082049278
 0.265103259621
 0.265110698858
 0.265105643462
 0.265087698981
 0.265056806473
 0.265012962752
 0.264955715776
 0.264891280621
 0.265033244018
 0.2651615458
 0.265275750287
 0.265377505
 0.265466542415
 0.265542845521
 0.265606405952
 0.26565726749
 0.265694421782
 0.265719378027
 0.265732105067
 0.265732541425
 0.265720817972
 0.265697218744
 0.265661114588
 0.265613432701
 0.265553547803
 0.265482354745
 0.265399805433
 0.265335696671
 0.265434246542
 0.265520707637
 0.265595281037
 0.26565771523
 0.265708263166
 0.265746887127
 0.265773393881
 0.265787394959
 0.265790794551
 0.265783119018
 0.265763738099
 0.265733269529
 0.265691627078
 0.26570663682
 0.26578411046
 0.265847076497
 0.265896908295
 0.265933630125
 0.265956973206
 0.265966762909
 0.265963043912
 0.265946115937
 0.265916548127
 0.265873550078
 0.265817802594
 0.26574908669
 0.265668379806
 0.265574699094
 0.265564298749
 0.265671401125
 0.265766733488
 0.265848187345
 0.265916829246
 0.265971689155
 0.266015103844
 0.266046345249
 0.266065163888
 0.266071600694
 0.266065022405
 0.26604638678
 0.266016240151
 0.265974040041
 0.26591999729
 0.265854059181
 0.265775972188
 0.265685435051
 0.265584614208
 0.265472748693
 0.265405984351
 0.265478066414
 0.265537735682
 0.26558480847
 0.2656211601
 0.265646427058
 0.265660229981
 0.26566246439
 0.265653608495
 0.265634013839
 0.265602844924
 0.265561118123
 0.265508117443
 0.265443932941
 0.265369031939
 0.265406895024
 0.265450081688
 0.265481379033
 0.26549988556
 0.265506131381
 0.265498241971
 0.265477405599
 0.26544359124
 0.265396615676
 0.265336667509
 0.265263841346
 0.265178322262
 0.26508074026
 0.264971656161
 0.264849227358
 0.26486476837
 0.264945269463
 0.265013407634
 0.265069704228
 0.26511410767
 0.265146342701
 0.26516718232
 0.26517677347
 0.265174775647
 0.265160975282
 0.26513477911
 0.265096432291
 0.265046023024
 0.264983992555
 0.264909935613
 0.264824112174
 0.264727037348
 0.264619385465
 0.264500134771
 0.264369277853
 0.264240802813
 0.264298034719
 0.264344674263
 0.264380327633
 0.2644051722
 0.264419299183
 0.264422122485
 0.264414811876
 0.264397406954
 0.264369032602
 0.264329448495
 0.264279185021
 0.26421801607
 0.264146337891
 0.264063485315
 0.26397037475
 0.263922148095
 0.263946525665
 0.263959014022
 0.263959130331
 0.263946633349
 0.263921734334
 0.263883939739
 0.263834492159
 0.263772662135
 0.263697942377
 0.263610480378
 0.263510385759
 0.263397515572
 0.263272025788
 0.263186236648
 0.263129160753
 0.263126043589
 0.263186077743
 0.26323492891
 0.2632734705
 0.263301556454
 0.263316969122
 0.263320215367
 0.263311935985
 0.263293139384
 0.263263262117
 0.263221651479
 0.263168428188
 0.263103252043
 0.263025459944
 0.262936272256
 0.262836253319
 0.262724465381
 0.262600557361
 0.262464848604
 0.262317205485
 0.262162005953
 0.26221675486
 0.262258870563
 0.262289943568
 0.262311136766
 0.262322205581
 0.262322940788
 0.262313682505
 0.26229395967
 0.2622624833
 0.262219619918
 0.262165588601
 0.262100611773
 0.262025560299
 0.261996802438
 0.262022995034
 0.262041215439
 0.262051502057
 0.262053783734
 0.262048126858
 0.262033631543
 0.262010606775
 0.261979507896
 0.261940576738
 0.261893343901
 0.261871347398
 0.261902995972
 0.261925005882
 0.261937584216
 0.261940392306
 0.261968849532
 0.262044353422
 0.262112228911
 0.262172455255
 0.262225009534
 0.262269861746
 0.262306842383
 0.262336318726
 0.262358097025
 0.262372273589
 0.26237812496
 0.262376187055
 0.262366425752
 0.262393146181
 0.262465479925
 0.262529096292
 0.262583935214
 0.262737070345
 0.26297659482
 0.263196607747
 0.263397143411
 0.263578306494
 0.263740181467
 0.263882963212
 0.264006858496
 0.264112066707
 0.264198908074
 0.264407872871
 0.264634390114
 0.26484218153
 0.265031427039
 0.265202354442
 0.265355222992
 0.265634677659
 0.26592469333
 0.2661957216
 0.266447929344
 0.26668149858
 0.266896674041
 0.267093734328
 0.267272995964
 0.267434744413
 0.267579318348
 0.267707085928
 0.267818428449
 0.267913672381
 0.268063586575
 0.268295896271
 0.268511886968
 0.268711888496
 0.268896355877
 0.26906565963
 0.269220214729
 0.269360469779
 0.269486840129
 0.269599680597
 0.269699406834
 0.269786401716
 0.269861051346
 0.269923656759
 0.269974540857
 0.270013973158
 0.270130167032
 0.270286050194
 0.270430617569
 0.27056430182
 0.270687474803
 0.27080038079
 0.270903348135
 0.270996655913
 0.271198911487
 0.271407299453
 0.271604098215
 0.27178957236
 0.271963986447
 0.272127560086
 0.272280490832
 0.272422903364
 0.272554996698
 0.272676814236
 0.272788438081
 0.272889864631
 0.272981173037
 0.273062337731
 0.273133339019
 0.273194089097
 0.273244531123
 0.273295761748
 0.273472876036
 0.273641743284
 0.273802423875
 0.273954857667
 0.274098936479
 0.274234555734
 0.274361598369
 0.274480011163
 0.27458963338
 0.274690288235
 0.274781815098
 0.274864125022
 0.27493706453
 0.275000439291
 0.275053999618
 0.275097640406
 0.275131203066
 0.275154528651
 0.275167946422
 0.275279169627
 0.275378710485
 0.275466318843
 0.275541790574
 0.275604935971
 0.275655549152
 0.275693352049
 0.275781498287
 0.275868207055
 0.275945543001
 0.276013341988
 0.276154233603
 0.276313110909
 0.276461446377
 0.276598960436
 0.276725490517
 0.276840722889
 0.27694439508
 0.277036247349
 0.277116052901
 0.27718356533
 0.277238589756
 0.277280917006
 0.277310252307
 0.277326456863
 0.27732937177
 0.277318829544
 0.277294555035
 0.27725644287
 0.277204226055
 0.277137707201
 0.277056759577
 0.276961532695
 0.277066934269
 0.277160341117
 0.277241802972
 0.277311093421
 0.277367878439
 0.277411915006
 0.277442943405
 0.277460881849
 0.277465489779
 0.277456715977
 0.277434380482
 0.277398260085
 0.277348088551
 0.277283741739
 0.277205137138
 0.277112072285
 0.277004410459
 0.276882157369
 0.27674520955
 0.276593482295
 0.276426915744
 0.276245450429
 0.276049055344
 0.275894492798
 0.275784937204
 0.275658756196
 0.275515784645
 0.275391898499
 0.27534108727
 0.275276584457
 0.275198257464
 0.275106024461
 0.275000027355
 0.274880247227
 0.274746471277
 0.27459865754
 0.274436900107
 0.274261061765
 0.274071432798
 0.273867896596
 0.273890478893
 0.273914139412
 0.273919981983
 0.273907425187
 0.273876095301
 0.27382590825
 0.273756791538
 0.273668353346
 0.273560278145
 0.27343185012
 0.273282830666
 0.273113255977
 0.272922211049
 0.272710010613
 0.272476231412
 0.272220514025
 0.271942682865
 0.271642752062
 0.271320520046
 0.270975892875
 0.270609150631
 0.270219760006
 0.269807771314
 0.269690431041
 0.269649894674
 0.26959069119
 0.269512547521
 0.269415231938
 0.269298541984
 0.269162243251
 0.269006117654
 0.268830125117
 0.268634026721
 0.268417762136
 0.268181279881
 0.26792455557
 0.267647584509
 0.26735038713
 0.267109210437
 0.26701374823
 0.266900113076
 0.266883981619
 0.266951291323
 0.266997199592
 0.267020076712
 0.267021251527
 0.266998245736
 0.266951282595
 0.266879207693
 0.26678491445
 0.266670261004
 0.266540748654
 0.26658790042
 0.266613763327
 0.266616900983
 0.266598038572
 0.266557096632
 0.266492056825
 0.266402579861
 0.26629208414
 0.266163276155
 0.266012688245
 0.265921409867
 0.26592714412
 0.265911699675
 0.265874399968
 0.265815011601
 0.265732277824
 0.265627902035
 0.265503560383
 0.265359542525
 0.265194457385
 0.265009510466
 0.264955952462
 0.264923521149
 0.264868498425
 0.264792192218
 0.264692619807
 0.264575065861
 0.264437225041
 0.264280185889
 0.264103534781
 0.263906488084
 0.263863469426
 0.263854195697
 0.263821737195
 0.263763901674
 0.263685311086
 0.263588089772
 0.263472301518
 0.263337537748
 0.263181405473
 0.263005077883
 0.262827384818
 0.262806556224
 0.26276364885
 0.262697264893
 0.262613907344
 0.262510688152
 0.26239203805
 0.262253387006
 0.262094407646
 0.261916022744
 0.261719511018
 0.261508861692
 0.261456426583
 0.261383814816
 0.261295543035
 0.261189108044
 0.261066038652
 0.260925430784
 0.260765216504
 0.260586743078
 0.260391527779
 0.260179630349
 0.259949143767
 0.259840936268
 0.259750201888
 0.259641437344
 0.259516451298
 0.259374673718
 0.259228644329
 0.259268945536
 0.259475097735
 0.259666913919
 0.259883500732
 0.26028306651
 0.260666637513
 0.261034516011
 0.261386873473
 0.261723643509
 0.262044491922
 0.262349013055
 0.262637856803
 0.262910077073
 0.263166135676
 0.263406754904
 0.263630542386
 0.263837719705
 0.26402875791
 0.264203824249
 0.264362527048
 0.264504824182
 0.264630716138
 0.264740154389
 0.264833132998
 0.264909286119
 0.264968523485
 0.265154324715
 0.26539047567
 0.265612445405
 0.265820195903
 0.266013267834
 0.266191546486
 0.266354920158
 0.266503204469
 0.266636577678
 0.266754882275
 0.266857771635
 0.266945194164
 0.267016995948
 0.267072997169
 0.267113196489
 0.267137312622
 0.267145197261
 0.267136830224
 0.267112300918
 0.267071395649
 0.267013924152
 0.266939864684
 0.266997873673
 0.267108723774
 0.267205397753
 0.267287702455
 0.267355666928
 0.267409083143
 0.26744794859
 0.267472297821
 0.267483425058
 0.267475844362
 0.267451982085
 0.267413116575
 0.267359591261
 0.267289430418
 0.267203327561
 0.26710159681
 0.267125322153
 0.267233725594
 0.267326280388
 0.267402878268
 0.267463064244
 0.267506973075
 0.267534466428
 0.267545092914
 0.267538936162
 0.267515664515
 0.267475129352
 0.267417141121
 0.267341396112
 0.267247779967
 0.267136009174
 0.26700603664
 0.266857730643
 0.266691047372
 0.266536304017
 0.266605905257
 0.266657014899
 0.26668947689
 0.26670322999
 0.266697678666
 0.266672515731
 0.266627702416
 0.266562637989
 0.266477102663
 0.266370795638
 0.266243387923
 0.266094525619
 0.265924178044
 0.265731594318
 0.265535473546
 0.265473701377
 0.265534684076
 0.265640640957
 0.265734724753
 0.265816807991
 0.265886933427
 0.265945087674
 0.265991254043
 0.266025253525
 0.266047102592
 0.266056625657
 0.266053874409
 0.26603880758
 0.266011271462
 0.265971129129
 0.265918351975
 0.265852843826
 0.265774691513
 0.265683683553
 0.26557982141
 0.26546298573
 0.265333273846
 0.265334584591
 0.265388486562
 0.26542901645
 0.26545609683
 0.265469731565
 0.265470295114
 0.265457271779
 0.265430289679
 0.265389342527
 0.265334077142
 0.265264534649
 0.265180788924
 0.265082551548
 0.264969911745
 0.264842674098
 0.264700483768
 0.264543450623
 0.264371365186
 0.26418417659
 0.263981974913
 0.263764610222
 0.263696920333
 0.26368923752
 0.263666605836
 0.263628951762
 0.263575980013
 0.263511333287
 0.263438384967
 0.263352992092
 0.263257747033
 0.26315692974
 0.263042486806
 0.26291444026
 0.262772574104
 0.262616802283
 0.262446998907
 0.262263110503
 0.262065043322
 0.261852533448
 0.261751699442
 0.261745976737
 0.261724549725
 0.261687376489
 0.261633901493
 0.261564032289
 0.261477591849
 0.261374484777
 0.261254309884
 0.261116635387
 0.260961219248
 0.260788025742
 0.26059645602
 0.260386305921
 0.260157428324
 0.259909357714
 0.259641891531
 0.259355058565
 0.259048721044
 0.258722640943
 0.258483003448
 0.258452897112
 0.258407225521
 0.258345751282
 0.258268992821
 0.258192918001
 0.258175385387
 0.258145855834
 0.25810403855
 0.25804990468
 0.257983480423
 0.257904625822
 0.257813284701
 0.257708991907
 0.25759145598
 0.257460781807
 0.257316956989
 0.257159716252
 0.256989249694
 0.256805848019
 0.256609043278
 0.2563984886
 0.256173932149
 0.256216294213
 0.25624894475
 0.256270738089
 0.256281899821
 0.256282078275
 0.256270751975
 0.256247793436
 0.256213301295
 0.256167053058
 0.256109149282
 0.256039047489
 0.255956983929
 0.255862377372
 0.255755207599
 0.255635467538
 0.255503228253
 0.255358338582
 0.255200498567
 0.255029500701
 0.254845235285
 0.254647560438
 0.254436673866
 0.254212355219
 0.253974574971
 0.253735859204
 0.253707217185
 0.253665214612
 0.25360955604
 0.253539619199
 0.253457256159
 0.253362103327
 0.253253396674
 0.253130395999
 0.252992952387
 0.2528411919
 0.252674812629
 0.252493880077
 0.252298190302
 0.252087750878
 0.251862455839
 0.251621611779
 0.251395922713
 0.251195659471
 0.250982144617
 0.250755458126
 0.250515298512
 0.250261626809
 0.249994302898
 0.249713228291
 0.249557711223
 0.249475934376
 0.249380899508
 0.249272089418
 0.249149426458
 0.249012850092
 0.248862144007
 0.248697078899
 0.248519817411
 0.248328748777
 0.248123400837
 0.247963824644
 0.247916767278
 0.24786405629
 0.247813940125
 0.247773410893
 0.247728057905
 0.247677982012
 0.24762519228
 0.247587604728
 0.247544105229
 0.247508152041
 0.247474993253
 0.247436768741
 0.247393585516
 0.247345553943
 0.247292811747
 0.247235434164
 0.247173449965
 0.247106930311
 0.247058755114
 0.247022889811
 0.246981916654
 0.246935983576
 0.246885164797
 0.246829558141
 0.246769202483
 0.246704199652
 0.246634691477
 0.246560731745
 0.246507683132
 0.246463588351
 0.246414463107
 0.246360312329
 0.246301334868
 0.246237602667
 0.246169268169
 0.246096400687
 0.246019136036
 0.245943581573
 0.245895940796
 0.245843298699
 0.245785776092
 0.245723452702
 0.245656414532
 0.245584807576
 0.24550869239
 0.24542813637
 0.245348258223
 0.245297026694
 0.245240821616
 0.245179758441
 0.245113948857
 0.245043456453
 0.244968431511
 0.244888965026
 0.244819787242
 0.244750185103
 0.244683934328
 0.24462412885
 0.244559530426
 0.244493611363
 0.244444130561
 0.244388573077
 0.244327114317
 0.244259920577
 0.244187136157
 0.244108902324
 0.244050243516
 0.244009675948
 0.243962819117
 0.243909904433
 0.243851070856
 0.24378649432
 0.243716290298
 0.243640653743
 0.243587277515
 0.243549631574
 0.243505677766
 0.243455619911
 0.243399611991
 0.243337831253
 0.243270404051
 0.24319749566
 0.243152672642
 0.243118138814
 0.243077277502
 0.243030278607
 0.24300852731
 0.243010976974
 0.243117368871
 0.243196470385
 0.243247817058
 0.243270521879
 0.243263350548
 0.243257096555
 0.243347018457
 0.243430386271
 0.243486148815
 0.243609553021
 0.243878522076
 0.244105690865
 0.244289751287
 0.244429100765
 0.244522715458
 0.244569491282
 0.244568297314
 0.244518104629
 0.244453615481
 0.244485854695
 0.24446370515
 0.244685700049
 0.244892834721
 0.245056967785
 0.245225527557
 0.245492899956
 0.245712917568
 0.245883909241
 0.246004626607
 0.246072594755
 0.246086442803
 0.246045488478
 0.245948817156
 0.245795556735
 0.245988612149
 0.246280704983
 0.246526735542
 0.246725138234
 0.246873727847
 0.246970643061
 0.247014929501
 0.247005328113
 0.246940890346
 0.246820667777
 0.24682350579
 0.246836897561
 0.246814721287
 0.247029300052
 0.247195528066
 0.2473122221
 0.247377832475
 0.2474268076
 0.247640331878
 0.247799112138
 0.247901350644
 0.247945164542
 0.247929164738
 0.247851968873
 0.247712520171
 0.247509795919
 0.247573021899
 0.247855462376
 0.248086496476
 0.248263672504
 0.248385580663
 0.248450139789
 0.248456132946
 0.248402242158
 0.248287096981
 0.248109372414
 0.248097341975
 0.248113480557
 0.2481201087
 0.248302728096
 0.248431094035
 0.24850375256
 0.248518996117
 0.248475428103
 0.248424637836
 0.248584055594
 0.248682103101
 0.248716911101
 0.248686147558
 0.248588580586
 0.248422924126
 0.248246945326
 0.248255657351
 0.248316443129
 0.248536495816
 0.248698077144
 0.248799207465
 0.248837817418
 0.248812357509
 0.248721772014
 0.248564190038
 0.248338557528
 0.248425317954
 0.248715615332
 0.249070869526
 0.24939514502
 0.249688706442
 0.249951613937
 0.250183912831
 0.250386069451
 0.250558167431
 0.250700483836
 0.250813276829
 0.250896805272
 0.251044319019
 0.251205128321
 0.251331227999
 0.251733844309
 0.252121473749
 0.25247345176
 0.252789900569
 0.253070855035
 0.253316565812
 0.253527334794
 0.253703450202
 0.253845145612
 0.253952595117
 0.254026145556
 0.254066170611
 0.254343701716
 0.254631110175
 0.254884119496
 0.255102860458
 0.255287559047
 0.255438535097
 0.255582842886
 0.255863462984
 0.25610422841
 0.256305244944
 0.256466756913
 0.256589012735
 0.256672428315
 0.256717319283
 0.256885488223
 0.257215149596
 0.257505791017
 0.257757597104
 0.257970697864
 0.258145267879
 0.25828182041
 0.258380529611
 0.258441858391
 0.258466196502
 0.258493816904
 0.258659480085
 0.258781013489
 0.258858749099
 0.258893227807
 0.258941053459
 0.259295597535
 0.259606871028
 0.259875078685
 0.260100071721
 0.260282210034
 0.260421657057
 0.260518886954
 0.260574240279
 0.260588042342
 0.260560742963
 0.260493065186
 0.260385532466
 0.260558084031
 0.260753795191
 0.260909084122
 0.261024168922
 0.261099131964
 0.261134501827
 0.261352213175
 0.261565577371
 0.261732035924
 0.261851939442
 0.261925768329
 0.261954052933
 0.261937253825
 0.261875876122
 0.261770684307
 0.261622105892
 0.261728020584
 0.261913867742
 0.26205575944
 0.262154227788
 0.262209338939
 0.262221773237
 0.262192068573
 0.262120675713
 0.26213147041
 0.2622549801
 0.262328740842
 0.26235379368
 0.26233028441
 0.262258755751
 0.262140383452
 0.26197514766
 0.261763727228
 0.261791944405
 0.261942866757
 0.262047685453
 0.262106680216
 0.262120168056
 0.262088511053
 0.262012186307
 0.261891656479
 0.261727346818
 0.261520050867
 0.261437901672
 0.261437951014
 0.261387217649
 0.261286056188
 0.261135253482
 0.260935685917
 0.260688068691
 0.260392696707
 0.260287029098
 0.26037811125
 0.260421208738
 0.26041691816
 0.260365444073
 0.260267659591
 0.260123989694
 0.259934737408
 0.25970090089
 0.259423452094
 0.259102615889
 0.258739152962
 0.258494045213
 0.258342144193
 0.258139980805
 0.257888003505
 0.257713004616
 0.257547154008
 0.257340605427
 0.257093569061
 0.256806295421
 0.256479057188
 0.25629607052
 0.256159832351
 0.255976614407
 0.255747543577
 0.255473019092
 0.25515436663
 0.254791534853
 0.25438557348
 0.253936807385
 0.253446655503
 0.252915973874
 0.252459416226
 0.252307896138
 0.252114004878
 0.251878594037
 0.251602223039
 0.251285066815
 0.250927432073
 0.250530221367
 0.250094415614
 0.249620529587
 0.249109047096
 0.248561008193
 0.247976780581
 0.247971595734
 0.247998272463
 0.247996873969
 0.24796652776
 0.247906970794
 0.247889111178
 0.247949838824
 0.247982731262
 0.247987899488
 0.247964314918
 0.247911169568
 0.247854274163
 0.247920723169
 0.247959898137
 0.247971233983
 0.247953973573
 0.247907215812
 0.247830918315
 0.247883830684
 0.247929196784
 0.247946478635
 0.247935385409
 0.247894941993
 0.247825029586
 0.247838987319
 0.247890346266
 0.247913491273
 0.247908316486
 0.247874030563
 0.247809929843
 0.247786174965
 0.24784311798
 0.247872144116
 0.247872945725
 0.247844432711
 0.247786056311
 0.247725473573
 0.247787586654
 0.24782216578
 0.247828752074
 0.247806053778
 0.247753626781
 0.247673560824
 0.247723777608
 0.247763370715
 0.247775068117
 0.247757967933
 0.247711253729
 0.247636744411
 0.247651180979
 0.247695769962
 0.247712706696
 0.247701096079
 0.247659909998
 0.247590430862
 0.24757051774
 0.247619971101
 0.247642121808
 0.247635982832
 0.247600151693
 0.247535971669
 0.247482414853
 0.247536691068
 0.247563645341
 0.247562311923
 0.247531403784
 0.247472470179
 0.247385726502
 0.247444677384
 0.247476098773
 0.247479238136
 0.247453207823
 0.247399075307
 0.247310836073
 0.247343957906
 0.247379863916
 0.247387697367
 0.247366382497
 0.247316667155
 0.247232971783
 0.247235221058
 0.247275305734
 0.247287347716
 0.2472703649
 0.247224889982
 0.247145521973
 0.247117800768
 0.247161815212
 0.247177801722
 0.247164901976
 0.247123556132
 0.247048496711
 0.246991748608
 0.247039483927
 0.247059395076
 0.247050493492
 0.247013306756
 0.246942512018
 0.247078025503
 0.247226173506
 0.247366873739
 0.247500153839
 0.247625975975
 0.247744319274
 0.247855245102
 0.247958752281
 0.248054851285
 0.248143503931
 0.248224759618
 0.248298622482
 0.2483650978
 0.248424152669
 0.248475816607
 0.248520097741
 0.248557000088
 0.248586538471
 0.248608684299
 0.248708975849
 0.248826739656
 0.24893742677
 0.249041067764
 0.249137632029
 0.249227165665
 0.249309693332
 0.249385094339
 0.249453410956
 0.249514678442
 0.249568855828
 0.249615975455
 0.24965604998
 0.249689058471
 0.249778369233
 0.249889546766
 0.24999294484
 0.250088583622
 0.25017637789
 0.250256347907
 0.250328497852
 0.250392789101
 0.250449164452
 0.250497640509
 0.25053821437
 0.250570859964
 0.25059557118
 0.250612320361
 0.250621127642
 0.250621913439
 0.250733019049
 0.25084290915
 0.250945401468
 0.251040506225
 0.251128174719
 0.25120841346
 0.251301495982
 0.251465575493
 0.251621018664
 0.251767707617
 0.251905553997
 0.252034462936
 0.252154367419
 0.252265125635
 0.252366635644
 0.252458792118
 0.252541482756
 0.252614625845
 0.252678106318
 0.252731896737
 0.252775780344
 0.252809669051
 0.252833488662
 0.252847140123
 0.252850537888
 0.252843489277
 0.252825982306
 0.252940487725
 0.253072871924
 0.253196802449
 0.253312069838
 0.253418624544
 0.253516468697
 0.253605358037
 0.253685191774
 0.253755785318
 0.253817046494
 0.253868941246
 0.253911430081
 0.253944219656
 0.253967274153
 0.253980453277
 0.253983591458
 0.253976583625
 0.253959366946
 0.253931817448
 0.253893799494
 0.253845206909
 0.253785833838
 0.253715595314
 0.253634422736
 0.253717758288
 0.253794361123
 0.253862144091
 0.253921005274
 0.253970846631
 0.254011462457
 0.254042766872
 0.254064602163
 0.25407685465
 0.254079476902
 0.254072224636
 0.254055084904
 0.25402780489
 0.253990325258
 0.253942389311
 0.253883947952
 0.253814906176
 0.25373521695
 0.253644699733
 0.253543129138
 0.25343043761
 0.2533064948
 0.25317114996
 0.253028772103
 0.25305724705
 0.253076681911
 0.253086956647
 0.253087854584
 0.253079335465
 0.253061142197
 0.253033176913
 0.2529952757
 0.252947366599
 0.252889385066
 0.252821161965
 0.252742554322
 0.252653382396
 0.252553515961
 0.252442913716
 0.2523213948
 0.252188852414
 0.252045186816
 0.25189030658
 0.251724133632
 0.25154649699
 0.251357270287
 0.251156366142
 0.250943717286
 0.250723169185
 0.250683806486
 0.250634893471
 0.250576296636
 0.250507965876
 0.250429834285
 0.25034173493
 0.250243560067
 0.25013518845
 0.250016502308
 0.249887443812
 0.249747820217
 0.249597487114
 0.249436375872
 0.249264448141
 0.249081579729
 0.248887689279
 0.248682684881
 0.248466457462
 0.248238973733
 0.248000071023
 0.247749766122
 0.24748788887
 0.247214420104
 0.247133079416
 0.247217021601
 0.247290535995
 0.247353333708
 0.247405125037
 0.247445801562
 0.247490134159
 0.247575255471
 0.247649887274
 0.247713783298
 0.247766710512
 0.247808422199
 0.247838802358
 0.24791369287
 0.24798905809
 0.248053748307
 0.248107477877
 0.248149996671
 0.248181150105
 0.248240700659
 0.248335976722
 0.248426062879
 0.248510811422
 0.248590073277
 0.248663668898
 0.248731447248
 0.248793346633
 0.248849456632
 0.248899466462
 0.248943116449
 0.248980221766
 0.249053552654
 0.249131963048
 0.249204953269
 0.249272351662
 0.249333922761
 0.249389747647
 0.249439674677
 0.249483448636
 0.249520979028
 0.249552055235
 0.249576508798
 0.249593985815
 0.249604335237
 0.249607422547
 0.249603114082
 0.249591177925
 0.249571382391
 0.249564159348
 0.249582039871
 0.249595059517
 0.249656347312
 0.249706712702
 0.249745955149
 0.249773889067
 0.249790276198
 0.249794982596
 0.249848999989
 0.249897486533
 0.249934851994
 0.249960878501
 0.249977057479
 0.250007323935
 0.250026202345
 0.250066001353
 0.250101129703
 0.250135315178
 0.250174379462
 0.250202331355
 0.250218925024
 0.250223955231
 0.250269383364
 0.250316881815
 0.25035336382
 0.250378704367
 0.250392725287
 0.250395180745
 0.250435444053
 0.250479992795
 0.250513588231
 0.250535993566
 0.250547095486
 0.250546725076
 0.250582970735
 0.250624336925
 0.250654734683
 0.250673988105
 0.25068193482
 0.250678353793
 0.250711866785
 0.250749735723
 0.250776639423
 0.250792381176
 0.250796871203
 0.250789920149
 0.250821574718
 0.250855602471
 0.250878694286
 0.250890674598
 0.250891379914
 0.25088069687
 0.250911614441
 0.250941440895
 0.250960386725
 0.250968250002
 0.250964905579
 0.250950200759
 0.250981569987
 0.251006957061
 0.251021458406
 0.251024927865
 0.251017235144
 0.250999620688
 0.251031063907
 0.251051704779
 0.251061440175
 0.251060225623
 0.251047897546
 0.251033311059
 0.251059694851
 0.251075278594
 0.251080011575
 0.251073749785
 0.251056427933
 0.251045933119
 0.251066892869
 0.251077152931
 0.251076522406
 0.251064960838
 0.251042359354
 0.251037053532
 0.251052319647
 0.251056872274
 0.251050607779
 0.251033441549
 0.251005327954
 0.251006339206
 0.251015567695
 0.2510141325
 0.251001922443
 0.250978849059
 0.25094486627
 0.250953272196
 0.250956157355
 0.250948366176
 0.2509298574
 0.250900581908
 0.250870533511
 0.250877324224
 0.250873645256
 0.250859314382
 0.250834278639
 0.250798507095
 0.250778494872
 0.250778301143
 0.250767638924
 0.25076173334
 0.250753688002
 0.25073527426
 0.250706314689
 0.250698866927
 0.250704889615
 0.250700664438
 0.250686123737
 0.250661210274
 0.250625884224
 0.250630544138
 0.250629774718
 0.250618803241
 0.250597542647
 0.250565924859
 0.250539044831
 0.250541473496
 0.250533735146
 0.250515766293
 0.250487559996
 0.250449026095
 0.250436079034
 0.250431265585
 0.250416266218
 0.250391119979
 0.250355687973
 0.25031401544
 0.25031180788
 0.25029952606
 0.250277117984
 0.250244515844
 0.250201733479
 0.250175884133
 0.250165964118
 0.250145937151
 0.250115806867
 0.250075606294
 0.250025245968
 0.250015997626
 0.249998118445
 0.249970119235
 0.249932115779
 0.249884057237
 0.249850094282
 0.249834080402
 0.249808020024
 0.249771947194
 0.249725794199
 0.249669681692
 0.249654250849
 0.249629839542
 0.249595435355
 0.249551026704
 0.249496618817
 0.249459054409
 0.249436084169
 0.249403092443
 0.249360114971
 0.249307195936
 0.249249064649
 0.249227190633
 0.249195324441
 0.249153534274
 0.249101807253
 0.249058690882
 0.249056089897
 0.249071311836
 0.249111173159
 0.249139442703
 0.249155824115
 0.249160594255
 0.249153370843
 0.249177231617
 0.249212130499
 0.24923541236
 0.249246936849
 0.249246757221
 0.249234698569
 0.249268352788
 0.249298126252
 0.249316120713
 0.249322469333
 0.249317018477
 0.249308117765
 0.24934401865
 0.249368343033
 0.249381020166
 0.249381973757
 0.249371103688
 0.249373910213
 0.249404169977
 0.249422717913
 0.249429750874
 0.249424992887
 0.249408541311
 0.249423980035
 0.249448344219
 0.249460922791
 0.249462101325
 0.24945157374
 0.249429308362
 0.249458199377
 0.249476410124
 0.249482872735
 0.249477968666
 0.249461420223
 0.249452831315
 0.24947619182
 0.249488132598
 0.249488331737
 0.249477117972
 0.249454266939
 0.249461040821
 0.249477866764
 0.24948329088
 0.249476941915
 0.249459129136
 0.249431348891
 0.24945274835
 0.249462805911
 0.249461440504
 0.249448461665
 0.249423940825
 0.249413350909
 0.249427861911
 0.249430896297
 0.249422485127
 0.249402627511
 0.249371191035
 0.249378469355
 0.249385905975
 0.249381704525
 0.249366140283
 0.24933921078
 0.249315094031
 0.249326597545
 0.249326754258
 0.249315315973
 0.249292450382
 0.249258297475
 0.249253881454
 0.249257730693
 0.249250299617
 0.249231392036
 0.249201001591
 0.249167667364
 0.249175320991
 0.249171353128
 0.24915620541
 0.249129646244
 0.249091567898
 0.249079283973
 0.249079113661
 0.249067254268
 0.249044314307
 0.249009975546
 0.248970238009
 0.248973423416
 0.248965267019
 0.248945495285
 0.248914550568
 0.2489214287
 0.248905530104
 0.248857966658
 0.248898588243
 0.248970550682
 0.249012041502
 0.249022567029
 0.24900161065
 0.248948764793
 0.24901443764
 0.249082194256
 0.249119104701
 0.249124764762
 0.249098740976
 0.249040505385
 0.249125519558
 0.249188959513
 0.249221481369
 0.249222507847
 0.24919157372
 0.249140600393
 0.249230885731
 0.249290479582
 0.249318877961
 0.249315454259
 0.249279664203
 0.249246358336
 0.249333218769
 0.249389246919
 0.249413570206
 0.249405820851
 0.249365410091
 0.249414679069
 0.249484112481
 0.249519674068
 0.249520622714
 0.249497221695
 0.249522734722
 0.249617424402
 0.249678520645
 0.249705295529
 0.249696853193
 0.249652917901
 0.249721621827
 0.249808423216
 0.249861181225
 0.249879218887
 0.249861810915
 0.24980835969
 0.249913468793
 0.249992402813
 0.250036878637
 0.250046140178
 0.250019586421
 0.249994526261
 0.250099540858
 0.25017047878
 0.250206670371
 0.250207150403
 0.250171401095
 0.250181594149
 0.25027909645
 0.250342041726
 0.250369759914
 0.250361423374
 0.250316323205
 0.250361057703
 0.250450929957
 0.250505940143
 0.250525214197
 0.250508040908
 0.250453782597
 0.250533489847
 0.250615861958
 0.250662888534
 0.250673709564
 0.250647717963
 0.250592097968
 0.250701723644
 0.250776480519
 0.250815399953
 0.250817703952
 0.250782790096
 0.250760176395
 0.250862635407
 0.250929652454
 0.250960488554
 0.250954302422
 0.250910414033
 0.250921343128
 0.25101663954
 0.251076034715
 0.251098771774
 0.251084225938
 0.251038042599
 0.251080192244
 0.251168121198
 0.251219749413
 0.25123435534
 0.251211080408
 0.251244375286
 0.25127028361
 0.251313413135
 0.251357279649
 0.251363696516
 0.251392572937
 0.251444068724
 0.251461780538
 0.251451778185
 0.251487773728
 0.251519697476
 0.251597051819
 0.25164069968
 0.251650146226
 0.251624989255
 0.251622581935
 0.251725972778
 0.251795698961
 0.251831411265
 0.251832618241
 0.251798949718
 0.251832127966
 0.251928185839
 0.251990186051
 0.252017898387
 0.252010810383
 0.251968569549
 0.25203725491
 0.25212588723
 0.252180197304
 0.252199909761
 0.252184503076
 0.252133496198
 0.252238243014
 0.252319335087
 0.252365884225
 0.252377531101
 0.252353757208
 0.252326445489
 0.252434423058
 0.252508075111
 0.252546776006
 0.25255018907
 0.25251772155
 0.252521946501
 0.252622780821
 0.252688887224
 0.252719779267
 0.252714963413
 0.252673801242
 0.25271174899
 0.252805299094
 0.252863813648
 0.252886800475
 0.252873551492
 0.252823702005
 0.252898177668
 0.252984234149
 0.253034821213
 0.253049563319
 0.253027789891
 0.252969021578
 0.253079125419
 0.25315757022
 0.253200146797
 0.253206519794
 0.253176009552
 0.253145859699
 0.253252148574
 0.253322816869
 0.253357344727
 0.253355114585
 0.25331568266
 0.253320328662
 0.253419040427
 0.253481811331
 0.253508008892
 0.25349702803
 0.253448500177
 0.253488880795
 0.25357982178
 0.253634438834
 0.253652036665
 0.253632196579
 0.253574288254
 0.253650589094
 0.25373347425
 0.25377961394
 0.25378835927
 0.253759217805
 0.253691663825
 0.253801635224
 0.253876322235
 0.253913838175
 0.253913508414
 0.253874944068
 0.253839285876
 0.253942522324
 0.254008697463
 0.254037290876
 0.254027749601
 0.25397955685
 0.253981055887
 0.25407590082
 0.254133382117
 0.254152828784
 0.254133677918
 0.254075463431
 0.254111913715
 0.254198056301
 0.254246452568
 0.254256326983
 0.254227271273
 0.25415875946
 0.254229847811
 0.254307030499
 0.254346100811
 0.254346259983
 0.254307041921
 0.254314024681
 0.254335397779
 0.254403417134
 0.254432809027
 0.254422936112
 0.254443234132
 0.254459476342
 0.254434319111
 0.25448662128
 0.254505984017
 0.254547536538
 0.254591051147
 0.254593402181
 0.254553874224
 0.254556072674
 0.254623184533
 0.254693977509
 0.254723834421
 0.254712021423
 0.254657799757
 0.254672649629
 0.254770535284
 0.25482784732
 0.254843789075
 0.254817333519
 0.254747882839
 0.254820812283
 0.254905489674
 0.25494892205
 0.254950325423
 0.254908831204
 0.254841898751
 0.254953754286
 0.255024744155
 0.255054028685
 0.255040502888
 0.25498350575
 0.254976596345
 0.255074884887
 0.255131708287
 0.255146116602
 0.255117172327
 0.255044227263
 0.255093500239
 0.255177885982
 0.255220142576
 0.255219341022
 0.255174640091
 0.255085388495
 0.255195404884
 0.255265299078
 0.255292421595
 0.255275844085
 0.255214900719
 0.255244933407
 0.255279999473
 0.255334970707
 0.255346493827
 0.255313828011
 0.255363692861
 0.255391872493
 0.255381379607
 0.255384076007
 0.255379711718
 0.255459471631
 0.255511308273
 0.255524691633
 0.255499204103
 0.255434574153
 0.255529071757
 0.255604273831
 0.255641271205
 0.255639474385
 0.255598656499
 0.255568348164
 0.255666996635
 0.255727595435
 0.255749624139
 0.25573259655
 0.255676315005
 0.255703298712
 0.255787378628
 0.255832956261
 0.255839723316
 0.255807278318
 0.255735211746
 0.25582166067
 0.255890675836
 0.255920978191
 0.255912141629
 0.255863861479
 0.255824277593
 0.255916774867
 0.255970580719
 0.255985463802
 0.255960858953
 0.255896660541
 0.255913329252
 0.2559905179
 0.256028886983
 0.256028049425
 0.25598766937
 0.255907416104
 0.255984603061
 0.256046246614
 0.256068818605
 0.256051870568
 0.255995338986
 0.25594592684
 0.256030796615
 0.256076775447
 0.25608348713
 0.256050587455
 0.255977661971
 0.255984295473
 0.256053453838
 0.256083463066
 0.256074076591
 0.256024830999
 0.255935475233
 0.255996939784
 0.25605023514
 0.256064232067
 0.256038504318
 0.255972839766
 0.255909450131
 0.255985841853
 0.256023037282
 0.256020799727
 0.255978767991
 0.255896618582
 0.255890855515
 0.255951048143
 0.255971944732
 0.255953192942
 0.255895472022
 0.255885956914
 0.255842771831
 0.255886846836
 0.255891511379
 0.255938015695
 0.255950308627
 0.255920730004
 0.255848842911
 0.255877116927
 0.255952304171
 0.255986243449
 0.255978473901
 0.255928608626
 0.25584663604
 0.255942832982
 0.255998286468
 0.256012215792
 0.255984182606
 0.255913732703
 0.255903150617
 0.255979916242
 0.256015480281
 0.256009128311
 0.255960682158
 0.255869707618
 0.255938078644
 0.255994761795
 0.256009937098
 0.255983196661
 0.255914047699
 0.255865130466
 0.255942967592
 0.255979629648
 0.255974431791
 0.255927135944
 0.255837431488
 0.255866215045
 0.255923710118
 0.255939828244
 0.25591411871
 0.25584620193
 0.255758660377
 0.255837197947
 0.255874544879
 0.255870216257
 0.25582402908
 0.255735486315
 0.255724465476
 0.255782609837
 0.255799415885
 0.255774632885
 0.255707864116
 0.25559872737
