
0.0282569431066
0.0282569004046
0.0282568589915
0.0282568177596
0.0282567765947
0.0282567355164
0.0282566945332
0.0282566536321
0.0282566128144
0.0282565720958
0.0282565314917
0.0282564910142
0.0282564506723
0.0282564104793
0.0282563704373
0.0282563305603
0.0282562908537
0.0282562513254
0.0282562119883
0.0282561728568
0.0282561339267
0.0282560951978
0.0282560566759
0.0282560183631
0.028255980268
0.0282559423871
0.0282559047297
0.0282558673022
0.0282558301096
0.0282557931576
0.0282557564473
0.0282557199758
0.0282556837428
0.0282556477487
0.0282556119998
0.0282555764965
0.0282555412431
0.0282555062401
0.0282554714848
0.0282554369764
0.0282554027132
0.0282553687006
0.0282553349372
0.0282553014357
0.0282552681905
0.0282552351959
0.0282552024545
0.0282551699562
0.0282551377043
0.0282551057044
0.0282550739635
0.0282550424804
0.02825501125
0.0282549802762
0.0282549495595
0.0282549190992
0.0282548888924
0.0282548589372
0.0282548292319
0.0282547997705
0.0282547705549
0.028254741588
0.0282547128782
0.0282546844263
0.0282546562265
0.0282546282787
0.0282546005862
0.0282545731448
0.0282545459413
0.0282545189889
0.0282544922841
0.0282544658218
0.0282544396082
0.0282544136434
0.0282543879254
0.0282543624562
0.0282543372285
0.0282543122448
0.0282542875073
0.0282542630167
0.0282542387703
0.0282542147665
0.0282541910016
0.0282541674735
0.0282541441806
0.0282541211353
0.0282540983275
0.0282540757664
0.0282540534453
0.0282540313635
0.0282540095162
0.0282539878982
0.0282539665119
0.0282539453562
0.0282539244399
0.0282539037619
0.0282538833156
0.0282538631016
0.0282538431178
0.0282538233612
0.0282538038295
0.0282537845193
0.0282537654352
0.0282537465742
0.0282537279412
0.0282537095337
0.0282536913488
0.0282536733836
0.0282536556428
0.0282536381221
0.0282536208185
0.0282536037309
0.0282535868518
0.0282535701862
0.028253553734
0.0282535374837
0.0282535214383
0.0282535055982
0.0282534899595
0.0282534745235
0.0282534592869
0.0282534442452
0.0282534293983
0.0282534147407
0.0282534002783
0.0282533860175
0.0282533719465
0.0282533580657
0.0282533443738
0.0282533308703
0.0282533175453
0.0282533043965
0.0282532914213
0.028253278621
0.0282532659939
0.028253253533
0.0282532412374
0.0282532291084
0.0282532171375
0.028253205325
0.0282531936683
0.0282531821702
0.0282531708153
0.0282531596159
0.0282531485651
0.0282531376769
0.0282531269317
0.0282531163328
0.0282531058718
0.0282530955452
0.0282530853494
0.0282530752895
0.0282530653568
0.028253055552
0.0282530458665
0.0282530363026
0.0282530268538
0.0282530175257
0.0282530083113
0.0282529992046
0.0282529901978
0.0282529812936
0.0282529724893
0.0282529637831
0.0282529551669
0.0282529466462
0.028252938208
0.0282529298513
0.0282529215731
0.0282529133808
0.0282529052714
0.028252897244
0.0282528892846
0.0282528813887
0.0282528735568
0.0282528657876
0.0282528580801
0.0282528504261
0.0282528428282
0.0282528352782
0.0282528277758
0.0282528203176
0.0282528128939
0.0282528055042
0.0282527981499
0.0282527908317
0.0282527835397
0.0282527762749
0.028252769029
0.0282527618011
0.028252754584
0.0282527473827
0.0282527401931
0.0282527330113
0.028252725829
0.0282527186452
0.0282527114593
0.0282527042657
0.0282526970574
0.0282526898326
0.0282526825848
0.0282526753136
0.028252668013
0.0282526606804
0.0282526533186
0.0282526459256
0.0282526384928
0.028252631019
0.0282526234883
0.0282526159001
0.0282526082496
0.0282526005389
0.0282525927729
0.0282525849448
0.0282525770479
0.0282525690806
0.028252561044
0.0282525529386
0.0282525447638
0.0282525365164
0.0282525281958
0.0282525197811
0.0282525112674
0.0282525026544
0.0282524939386
0.0282524851123
0.0282524761809
0.0282524671341
0.0282524579686
0.0282524486881
0.028252439288
0.0282524297661
0.0282524201138
0.0282524103277
0.028252400406
0.0282523903384
0.0282523801213
0.0282523697576
0.0282523592516
0.0282523485872
0.0282523377642
0.0282523267926
0.0282523156487
0.0282523043335
0.0282522928501
0.0282522812023
0.0282522693919
0.0282522574101
0.0282522452548
0.0282522329215
0.0282522204026
0.0282522076857
0.0282521947677
0.0282521816435
0.0282521683075
0.0282521547677
0.0282521410258
0.0282521270798
0.0282521129244
0.0282520985597
0.0282520839769
0.028252069181
0.0282520541713
0.0282520389337
0.0282520234684
0.0282520077909
0.0282519918825
0.0282519757388
0.0282519593556
0.0282519427314
0.0282519258647
0.0282519087558
0.0282518914021
0.0282518737974
0.0282518559516
0.0282518378523
0.0282518194993
0.0282518008878
0.0282517820223
0.0282517629041
0.0282517435293
0.0282517238896
0.028251703977
0.0282516838
0.0282516633482
0.0282516426247
0.0282516216257
0.0282516003538
0.0282515788048
0.0282515569779
0.0282515348658
0.028251512473
0.0282514897952
0.0282514668349
0.0282514435918
0.0282514200652
0.0282513962578
0.0282513721594
0.0282513477634
0.0282513230757
0.0282512980928
0.0282512728122
0.0282512472349
0.0282512213524
0.0282511951751
0.0282511687012
0.0282511419269
0.0282511148506
0.028251087466
0.0282510597757
0.02825103178
0.0282510034791
0.0282509748818
0.0282509459781
0.0282509167589
0.0282508872222
0.0282508573802
0.0282508272277
0.0282507967672
0.0282507659903
0.0282507349041
0.0282507035052
0.0282506717931
0.028250639768
0.0282506074251
0.0282505747586
0.0282505417678
0.028250508468
0.028250474852
0.0282504409252
0.0282504066726
0.0282503720988
0.0282503372039
0.0282503019881
0.0282502664505
0.0282502305806
0.0282501943763
0.028250157849
0.0282501210046
0.0282500838328
0.0282500463447
0.0282500085345
0.0282499703969
0.028249931922
0.0282498931183
0.0282498539833
0.0282498145081
0.0282497746979
0.0282497345572
0.0282496940889
0.0282496532874
0.0282496121544
0.0282495706915
0.0282495289029
0.0282494867833
0.028249444336
0.0282494015487
0.0282493584229
0.0282493149663
0.028249271183
0.0282492270614
0.0282491825973
0.0282491378036
0.0282490926646
0.0282490471842
0.0282490013691
0.0282489552206
0.0282489087298
0.0282488618951
0.0282488147245
0.0282487672186
0.028248719379
0.0282486711982
0.0282486226861
0.0282485738302
0.0282485246286
0.0282484750856
0.0282484252008
0.0282483749738
0.0282483244039
0.0282482735023
0.0282482222679
0.0282481706862
0.0282481187597
0.0282480664958
0.0282480138924
0.0282479609533
0.0282479076765
0.0282478540608
0.0282478001092
0.0282477458246
0.0282476911929
0.0282476362191
0.0282475809
0.0282475252396
0.0282474692457
0.0282474129067
0.0282473562345
0.0282472992174
0.0282472418564
0.0282471841512
0.0282471261008
0.0282470677082
0.0282470089783
0.02824694991
0.0282468904991
0.0282468307459
0.0282467706564
0.0282467102206
0.0282466494518
0.0282465883439
0.0282465269043
0.0282464651254
0.0282464030065
0.0282463405473
0.0282462777517
0.0282462146146
0.0282461511355
0.0282460873186
0.0282460231641
0.0282459586672
0.0282458938299
0.0282458286624
0.0282457631578
0.0282456973243
0.0282456311637
0.0282455646659
0.0282454978303
0.0282454306647
0.0282453631701
0.0282452953471
0.0282452271941
0.028245158708
0.0282450898945
0.0282450207574
0.0282449512894
0.0282448814957
0.0282448113746
0.0282447409317
0.0282446701624
0.0282445990691
0.0282445276469
0.0282444559137
0.0282443838636
0.028244311495
0.0282442387988
0.0282441657808
0.0282440924445
0.0282440187986
0.0282439448481
0.0282438705852
0.0282437960101
0.0282437211285
0.0282436459459
0.0282435704583
0.0282434946666
0.0282434185755
0.0282433421814
0.0282432654781
0.0282431884739
0.0282431111652
0.0282430335553
0.028242955645
0.0282428774424
0.0282427989458
0.0282427201461
0.0282426410604
0.0282425616851
0.0282424820213
0.0282424020755
0.0282423218462
0.0282422413388
0.0282421605517
0.0282420794858
0.0282419981543
0.0282419165481
0.028241834669
0.0282417525261
0.0282416701187
0.0282415874456
0.0282415045126
0.028241421317
0.0282413378529
0.0282412541308
0.0282411701594
0.0282410859393
0.0282410014709
0.0282409167557
0.028240831787
0.0282407465691
0.0282406611158
0.0282405754267
0.0282404895008
0.0282404033369
0.0282403169445
0.0282402303282
0.0282401434869
0.0282400564185
0.0282399691232
0.0282398816018
0.0282397938647
0.0282397059171
0.0282396177603
0.028239529391
0.0282394408138
0.0282393520329
0.0282392630512
0.0282391738628
0.0282390844745
0.0282389948925
0.028238905118
0.0282388151534
0.0282387249945
0.0282386346474
0.0282385441267
0.0282384534362
0.0282383625683
0.0282382715296
0.0282381803185
0.0282380889404
0.0282379973961
0.0282379056843
0.0282378138241
0.0282377218123
0.0282376296398
0.0282375373123
0.0282374448362
0.0282373522116
0.0282372594388
0.0282371665229
0.0282370734717
0.0282369802917
0.0282368869842
0.028236793556
0.028236699998
0.0282366063142
0.0282365125069
0.0282364185867
0.0282363245484
0.0282362303931
0.0282361361217
0.0282360417487
0.028235947275
0.0282358527075
0.0282357580546
0.0282356633157
0.0282355684811
0.0282354735505
0.0282353785281
0.0282352834237
0.0282351882333
0.0282350929609
0.0282349976087
0.0282349021827
0.0282348066873
0.0282347111271
0.0282346155017
0.0282345198149
0.0282344240615
0.0282343282466
0.028234232377
0.0282341364525
0.028234040477
0.0282339444572
0.0282338483971
0.0282337522948
0.0282336561561
0.0282335599806
0.0282334637705
0.0282333675367
0.0282332712792
0.0282331749814
0.0282330786558
0.0282329823057
0.0282328859397
0.0282327895587
0.0282326931568
0.028232596737
0.0282325003134
0.0282324038912
0.0282323074623
0.0282322110322
0.0282321146051
0.0282320181748
0.0282319217491
0.0282318253319
0.0282317289245
0.0282316325199
0.0282315361153
0.0282314397168
0.0282313433322
0.028231246967
0.0282311506178
0.028231054289
0.0282309579822
0.0282308616987
0.0282307654415
0.028230669211
0.0282305730123
0.0282304768458
0.0282303807131
0.0282302846139
0.0282301885604
0.0282300925458
0.0282299965663
0.0282299006212
0.0282298047188
0.0282297088621
0.0282296130504
0.0282295172853
0.0282294215709
0.0282293259041
0.0282292302854
0.0282291347162
0.0282290392026
0.0282289437419
0.028228848331
0.0282287529772
0.0282286576836
0.0282285624518
0.0282284672805
0.0282283721745
0.028228277133
0.028228182157
0.0282280872514
0.0282279924179
0.0282278976569
0.0282278029715
0.0282277083549
0.0282276138065
0.0282275193319
0.0282274249289
0.0282273306036
0.0282272363549
0.0282271421835
0.0282270480903
0.0282269540714
0.0282268601296
0.0282267662671
0.0282266724877
0.0282265787995
0.0282264851949
0.028226391671
0.0282262982307
0.0282262048723
0.0282261116044
0.0282260184256
0.0282259253314
0.0282258323288
0.0282257394211
0.0282256466088
0.0282255538892
0.0282254612604
0.0282253687247
0.0282252762826
0.0282251839361
0.0282250916829
0.0282249995232
0.0282249074602
0.0282248154948
0.0282247236306
0.0282246318704
0.0282245402114
0.0282244486562
0.0282243571996
0.0282242658442
0.028224174589
0.0282240834355
0.0282239923841
0.0282239014343
0.0282238105875
0.0282237198439
0.0282236292025
0.0282235386659
0.0282234482314
0.0282233579073
0.0282232676938
0.0282231775957
0.0282230876051
0.0282229977195
0.0282229079417
0.0282228182717
0.0282227287129
0.0282226392627
0.0282225499184
0.0282224606791
0.0282223715507
0.0282222825381
0.0282221936368
0.0282221048496
0.0282220161749
0.0282219276056
0.0282218391437
0.0282217507935
0.0282216625456
0.0282215744117
0.0282214863944
0.0282213984883
0.0282213106923
0.0282212230128
0.0282211354474
0.0282210479987
0.0282209606659
0.0282208734421
0.0282207863285
0.028220699321
0.0282206124217
0.0282205256324
0.0282204389552
0.0282203523907
0.0282202659347
0.0282201795965
0.0282200933696
0.0282200072484
0.0282199212388
0.0282198353337
0.0282197495404
0.0282196638531
0.0282195782754
0.0282194928086
0.0282194074429
0.0282193221799
0.0282192370206
0.0282191519701
0.0282190670343
0.0282189822057
0.0282188974789
0.0282188128593
0.0282187283429
0.0282186439302
0.0282185596219
0.0282184754123
0.0282183913042
0.0282183072968
0.0282182233858
0.028218139562
0.0282180558355
0.0282179722069
0.0282178886764
0.0282178052408
0.0282177218933
0.0282176386319
0.0282175554615
0.0282174723824
0.028217389403
0.0282173065167
0.0282172237171
0.0282171410017
0.0282170583697
0.0282169758212
0.0282168933569
0.0282168109786
0.0282167286813
0.0282166464691
0.0282165643332
0.0282164822778
0.0282164003037
0.02821631841
0.0282162365901
0.0282161548435
0.0282160731705
0.0282159915714
0.0282159100419
0.0282158285834
0.0282157471913
0.0282156658654
0.0282155846036
0.0282155034104
0.0282154222825
0.0282153412195
0.0282152602218
0.0282151792793
0.0282150983969
0.0282150175728
0.028214936808
0.0282148561024
0.0282147754475
0.0282146948443
0.028214614296
0.0282145337985
0.0282144533597
0.0282143729702
0.0282142926246
0.0282142123255
0.0282141320756
0.0282140518707
0.0282139717083
0.0282138915863
0.0282138115037
0.028213731463
0.0282136514665
0.0282135715071
0.028213491584
0.0282134116984
0.0282133318471
0.0282132520316
0.0282131722558
0.0282130925213
0.0282130128191
0.0282129331468
0.0282128535027
0.0282127738876
0.0282126943118
0.0282126147669
0.0282125352493
0.0282124557628
0.0282123763082
0.0282122968836
0.02821221749
0.0282121381248
0.0282120587837
0.0282119794622
0.0282119001674
0.0282118209024
0.0282117416654
0.0282116624549
0.0282115832722
0.0282115041151
0.0282114249815
0.0282113458708
0.0282112667844
0.0282111877181
0.0282111086753
0.0282110296574
0.0282109506644
0.0282108717021
0.0282107927667
0.0282107138588
0.0282106349835
0.0282105561298
0.0282104773004
0.0282103985017
0.0282103197375
0.0282102409991
0.028210162285
0.0282100836098
0.0282100049652
0.0282099263586
0.0282098477915
0.0282097692604
0.0282096907682
0.0282096123117
0.0282095338928
0.0282094555165
0.0282093771871
0.0282092988991
0.0282092206557
0.0282091424544
0.0282090643029
0.0282089862004
0.0282089081533
0.0282088301652
0.028208752229
0.0282086743499
0.028208596534
0.028208518784
0.0282084410996
0.0282083634846
0.0282082859371
0.0282082084563
0.0282081310394
0.0282080536924
0.0282079764252
0.0282078992306
0.0282078221177
0.0282077450886
0.0282076681421
0.0282075912784
0.0282075145001
0.028207437813
0.0282073612227
0.0282072847298
0.0282072083351
0.0282071320427
0.0282070558536
0.0282069797722
0.0282069037944
0.0282068279231
0.0282067521695
0.0282066765295
0.0282066010069
0.0282065256058
0.028206450321
0.0282063751625
0.0282063001257
0.0282062252164
0.0282061504357
0.0282060757851
0.0282060012565
0.0282059268625
0.0282058525995
0.0282057784688
0.0282057044839
0.0282056306461
0.0282055569547
0.028205483409
0.0282054100013
0.0282053367436
0.0282052636322
0.0282051906664
0.0282051178484
0.0282050451859
0.0282049726792
0.0282049003233
0.0282048281218
0.0282047560759
0.0282046841933
0.0282046124706
0.0282045409103
0.0282044695173
0.0282043982924
0.0282043272323
0.028204256337
0.0282041856032
0.0282041150307
0.0282040446257
0.0282039743934
0.0282039043346
0.028203834447
0.0282037647259
0.0282036951666
0.0282036257751
0.0282035565491
0.0282034874942
0.028203418613
0.0282033498985
0.0282032813466
0.028203212959
0.0282031447386
0.0282030766902
0.0282030088093
0.0282029411024
0.0282028735704
0.0282028062091
0.0282027390152
0.0282026719863
0.0282026051295
0.0282025384413
0.0282024719186
0.0282024055583
0.0282023393571
0.028202273317
0.0282022074399
0.0282021417274
0.0282020761798
0.0282020107987
0.0282019455812
0.0282018805209
0.028201815625
0.0282017508938
0.0282016863284
0.0282016219178
0.0282015576498
0.0282014935285
0.0282014295544
0.0282013657315
0.0282013020588
0.0282012385362
0.0282011751649
0.0282011119409
0.0282010488654
0.0282009859328
0.0282009231369
0.0282008604792
0.0282007979642
0.0282007355878
0.02820067335
0.0282006112448
0.0282005492799
0.0282004874484
0.0282004257447
0.0282003641703
0.0282003027258
0.0282002414005
0.0282001801981
0.0282001191197
0.0282000581642
0.0281999973254
0.0281999365992
0.0281998759931
0.0281998155043
0.0281997551297
0.028199694864
0.0281996347045
0.028199574658
0.0281995147242
0.0281994548911
0.0281993951548
0.0281993355213
0.0281992759873
0.0281992165472
0.0281991572022
0.0281990979589
0.0281990388106
0.0281989797555
0.0281989207896
0.0281988619127
0.0281988031156
0.0281987444037
0.0281986857812
0.0281986272432
0.0281985687855
0.0281985104042
0.028198452106
0.0281983938894
0.0281983357516
0.0281982776843
0.0281982196889
0.0281981617632
0.0281981039004
0.0281980461022
0.0281979883676
0.0281979306969
0.0281978730906
0.0281978155492
0.0281977580679
0.0281977006426
0.0281976432734
0.0281975859637
0.028197528716
0.0281974715221
0.0281974143838
0.0281973573019
0.0281973002712
0.0281972432832
0.0281971863422
0.0281971294436
0.0281970725894
0.0281970157805
0.0281969590173
0.0281969022865
0.0281968455914
0.0281967889389
0.0281967323206
0.0281966757412
0.028196619193
0.0281965626794
0.0281965061972
0.0281964497439
0.0281963933159
0.0281963369142
0.0281962805447
0.0281962242028
0.0281961678842
0.0281961115858
0.0281960553061
0.0281959990398
0.0281959427853
0.028195886545
0.0281958303177
0.0281957741025
0.0281957179012
0.0281956617106
0.0281956055285
0.028195549355
0.0281954931908
0.028195437028
0.0281953808729
0.0281953247294
0.0281952685954
0.028195212469
0.0281951563435
0.0281951002135
0.0281950440865
0.028194987956
0.0281949318245
0.0281948756849
0.0281948195377
0.0281947633725
0.0281947071974
0.0281946510123
0.0281945948172
0.028194538612
0.0281944824053
0.0281944261928
0.0281943699638
0.0281943137149
0.0281942574441
0.0281942011578
0.0281941448623
0.0281940885512
0.028194032226
0.0281939758854
0.0281939195231
0.0281938631403
0.0281938067354
0.0281937503058
0.0281936938469
0.0281936373653
0.0281935808583
0.028193524315
0.0281934677395
0.028193411132
0.0281933545001
0.0281932978389
0.0281932411507
0.0281931844299
0.0281931276696
0.0281930708729
0.0281930140394
0.0281929571655
0.0281929002454
0.0281928432838
0.0281927862832
0.0281927292428
0.0281926721632
0.0281926150479
0.0281925578942
0.0281925006887
0.0281924434394
0.028192386135
0.0281923287779
0.0281922713737
0.0281922139179
0.0281921564063
0.0281920988365
0.0281920412119
0.0281919835386
0.0281919258117
0.0281918680245
0.0281918101768
0.0281917522696
0.02819169431
0.0281916362965
0.0281915782149
0.0281915200714
0.0281914618701
0.02819140361
0.0281913452845
0.0281912868888
0.0281912284239
0.0281911698898
0.028191111291
0.0281910526215
0.028190993889
0.0281909350887
0.0281908762154
0.0281908172647
0.0281907582392
0.0281906991394
0.0281906399605
0.0281905806981
0.0281905213663
0.0281904619511
0.0281904024558
0.0281903428726
0.0281902832048
0.0281902234549
0.0281901636159
0.0281901036863
0.0281900436696
0.0281899835697
0.0281899233863
0.0281898631083
0.0281898027394
0.0281897422778
0.0281896817267
0.0281896210727
0.028189560317
0.0281894994607
0.028189438511
0.0281893774681
0.0281893163223
0.0281892550723
0.0281891937225
0.02818913227
0.0281890707133
0.0281890090572
0.028188947307
0.0281888854546
0.0281888234891
0.0281887614185
0.0281886992379
0.0281886369374
0.0281885745237
0.0281885120002
0.0281884493653
0.0281883866184
0.028188323756
0.0281882607826
0.0281881976943
0.0281881344899
0.0281880711703
0.0281880077256
0.0281879441574
0.0281878804687
0.0281878166622
0.0281877527351
0.0281876886829
0.0281876245093
0.0281875602226
0.0281874958213
0.0281874312954
0.0281873666439
0.0281873018766
0.0281872369869
0.0281871719695
0.0281871068231
0.0281870415522
0.0281869761633
0.0281869106506
0.0281868450135
0.0281867792414
0.0281867133349
0.0281866472985
0.0281865811396
0.0281865148566
0.0281864484508
0.0281863819216
0.0281863152717
0.0281862484946
0.0281861815876
0.0281861145556
0.0281860473946
0.0281859801104
0.0281859126966
0.0281858451508
0.0281857774792
0.0281857096885
0.0281856417673
0.0281855737184
0.0281855055438
0.0281854372326
0.0281853687935
0.0281853002205
0.0281852315215
0.0281851627051
0.0281850937644
0.0281850247047
0.0281849555175
0.0281848862094
0.0281848167879
0.0281847472366
0.0281846775641
0.0281846077735
0.0281845378706
0.0281844678468
0.0281843976977
0.0281843274259
0.0281842570308
0.0281841865194
0.0281841158889
0.0281840451384
0.0281839742648
0.0281839032694
0.0281838321546
0.0281837609214
0.0281836895717
0.028183618102
0.0281835465238
0.0281834748295
0.0281834030296
0.0281833311296
0.028183259123
0.0281831870149
0.028183114806
0.0281830424943
0.0281829700708
0.0281828975386
0.028182824909
0.0281827521795
0.028182679346
0.0281826064139
0.0281825333792
0.0281824602518
0.0281823870134
0.0281823136755
0.028182240242
0.0281821667159
0.0281820930926
0.0281820193879
0.0281819455954
0.0281818717204
0.0281817977566
0.0281817237047
0.0281816495651
0.0281815753474
0.0281815010441
0.0281814266548
0.0281813521915
0.0281812776636
0.0281812030683
0.0281811283948
0.0281810536421
0.0281809788149
0.0281809039244
0.0281808289642
0.0281807539307
0.0281806788362
0.0281806036791
0.0281805284592
0.0281804531698
0.0281803778261
0.028180302426
0.0281802269757
0.0281801514685
0.0281800759079
0.0281800002929
0.0281799246235
0.0281798489013
0.028179773131
0.028179697322
0.0281796214712
0.0281795455769
0.0281794696472
0.0281793936884
0.0281793176935
0.0281792416654
0.0281791656012
0.0281790895032
0.0281790133709
0.0281789372139
0.0281788610356
0.0281787848364
0.0281787086273
0.0281786324
0.0281785561556
0.0281784799008
0.0281784036376
0.0281783273502
0.0281782510472
0.0281781747305
0.0281780984038
0.028178022077
0.0281779457445
0.0281778694128
0.0281777930793
0.0281777167409
0.0281776404065
0.0281775640641
0.0281774877264
0.0281774113937
0.0281773350713
0.0281772587579
0.0281771824488
0.0281771061508
0.0281770298646
0.0281769535921
0.0281768773367
0.0281768010923
0.0281767248582
0.0281766486334
0.0281765724228
0.0281764962318
0.028176420069
0.0281763439206
0.0281762677875
0.0281761916745
0.0281761155977
0.0281760395502
0.0281759635254
0.0281758875298
0.0281758115561
0.0281757355992
0.028175659666
0.0281755837719
0.0281755079046
0.0281754320685
0.028175356254
0.0281752804659
0.0281752047065
0.0281751289754
0.0281750532794
0.0281749776178
0.0281749019848
0.0281748263811
0.0281747508105
0.0281746752669
0.0281745997537
0.0281745242687
0.0281744488166
0.028174373402
0.0281742980189
0.0281742226742
0.0281741473698
0.0281740720958
0.0281739968557
0.0281739216551
0.0281738464946
0.0281737713682
0.0281736962769
0.0281736212143
0.0281735461805
0.0281734711815
0.028173396216
0.0281733212801
0.0281732463733
0.028173171506
0.0281730966679
0.0281730218605
0.0281729470879
0.0281728723477
0.0281727976311
0.0281727229381
0.0281726482786
0.0281725736576
0.0281724990691
0.0281724245177
0.0281723499979
0.0281722755001
0.02817220103
0.0281721265949
0.0281720521919
0.0281719778181
0.0281719034682
0.0281718291501
0.0281717548543
0.028171680587
0.0281716063525
0.0281715321452
0.0281714579667
0.0281713838192
0.0281713096971
0.0281712356018
0.0281711615298
0.0281710874801
0.0281710134492
0.0281709394444
0.0281708654594
0.0281707915004
0.0281707175688
0.0281706436575
0.0281705697725
0.0281704959156
0.0281704220817
0.0281703482687
0.0281702744806
0.0281702007139
0.0281701269771
0.0281700532558
0.028169979551
0.0281699058681
0.0281698322048
0.0281697585624
0.0281696849287
0.0281696113143
0.0281695377189
0.0281694641483
0.0281693906006
0.0281693170702
0.0281692435619
0.0281691700707
0.0281690965889
0.0281690231304
0.0281689496848
0.0281688762499
0.0281688028328
0.0281687294327
0.028168656044
0.028168582666
0.0281685093032
0.0281684359546
0.028168362614
0.0281682892887
0.0281682159729
0.0281681426653
0.0281680693738
0.0281679961024
0.0281679228416
0.0281678495947
0.028167776357
0.0281677031309
0.0281676299224
0.0281675567268
0.0281674835425
0.0281674103643
0.0281673371939
0.0281672640313
0.0281671908743
0.0281671177295
0.0281670445918
0.0281669714636
0.0281668983442
0.0281668252378
0.0281667521414
0.0281666790558
0.0281666059753
0.0281665328995
0.0281664598262
0.0281663867655
0.0281663137181
0.0281662406821
0.0281661676556
0.0281660946415
0.0281660216379
0.0281659486449
0.028165875651
0.0281658026505
0.0281657296558
0.02816565667
0.0281655836946
0.0281655107303
0.0281654377742
0.0281653648211
0.0281652918724
0.0281652189357
0.0281651460091
0.0281650730939
0.0281650001725
0.0281649272597
0.0281648543576
0.0281647814645
0.0281647085749
0.0281646356918
0.0281645628172
0.0281644899485
0.0281644170847
0.0281643442223
0.0281642713585
0.0281641984933
0.0281641256337
0.0281640527798
0.0281639799361
0.0281639071065
0.0281638342799
0.0281637614609
0.0281636886495
0.0281636158365
0.0281635430292
0.0281634702361
0.0281633974512
0.0281633246659
0.0281632518956
0.0281631791377
0.028163106385
0.0281630336414
0.0281629609032
0.0281628881711
0.028162815449
0.0281627427364
0.0281626700328
0.0281625973399
0.0281625246506
0.0281624519809
0.0281623793282
0.0281623066855
0.0281622340524
0.0281621614341
0.0281620888295
0.0281620162335
0.0281619436462
0.0281618710695
0.0281617985089
0.0281617259567
0.0281616534127
0.0281615808855
0.0281615083808
0.0281614359034
0.0281613634483
0.0281612910144
0.0281612185936
0.0281611461968
0.0281610738153
0.0281610014574
0.0281609291173
0.0281608567972
0.0281607844987
0.0281607122203
0.0281606399692
0.028160567743
0.0281604955413
0.0281604233667
0.0281603512174
0.0281602790902
0.0281602069908
0.0281601349231
0.0281600628879
0.0281599908957
0.0281599189364
0.0281598470171
0.0281597751414
0.0281597033056
0.0281596315089
0.0281595597455
0.0281594880149
0.0281594163234
0.0281593446724
0.0281592730688
0.0281592015125
0.0281591300053
0.0281590585512
0.0281589871445
0.0281589157863
0.028158844476
0.0281587732109
0.0281587019984
0.0281586308323
0.0281585597185
0.0281584886667
0.0281584176755
0.0281583467472
0.0281582758787
0.0281582050764
0.0281581343434
0.0281580636763
0.0281579930791
0.0281579225536
0.0281578520973
0.0281577817119
0.0281577114067
0.0281576411823
0.0281575710325
0.0281575009639
0.0281574309803
0.0281573610758
0.028157291259
0.0281572215275
0.0281571518857
0.0281570823307
0.0281570128658
0.0281569434924
0.028156874207
0.028156805022
0.0281567359319
0.0281566669419
0.0281565980551
0.0281565292702
0.0281564605902
0.0281563920186
0.0281563235617
0.0281562552174
0.0281561869864
0.0281561188705
0.0281560508708
0.0281559829861
0.0281559152172
0.0281558475646
0.0281557800373
0.028155712635
0.0281556453486
0.028155578189
0.0281555111511
0.0281554442367
0.028155377455
0.0281553108086
0.0281552442881
0.0281551778948
0.0281551116462
0.0281550455356
0.028154979558
0.0281549137237
0.0281548480342
0.028154782483
0.0281547170766
0.028154651815
0.0281545867015
0.028154521735
0.0281544569134
0.0281543922359
0.028154327705
0.0281542633233
0.0281541990973
0.0281541350284
0.0281540711141
0.0281540073579
0.028153943753
0.028153880305
0.0281538170173
0.0281537538871
0.0281536909089
0.0281536280918
0.0281535654352
0.0281535029488
0.0281534406307
0.0281533784685
0.028153316472
0.0281532546367
0.0281531929641
0.0281531314558
0.0281530701156
0.0281530089389
0.0281529479218
0.0281528870739
0.0281528263976
0.0281527658819
0.0281527055349
0.0281526453591
0.0281525853499
0.0281525255085
0.0281524658347
0.0281524063289
0.0281523469826
0.0281522878062
0.0281522287955
0.0281521699476
0.0281521112593
0.0281520527386
0.0281519943954
0.02815193622
0.0281518782195
0.0281518203891
0.0281517627293
0.0281517052281
0.0281516478898
0.0281515907075
0.0281515336779
0.02815147681
0.028151420115
0.0281513635883
0.0281513072341
0.0281512510446
0.0281511950209
0.0281511391564
0.028151083446
0.0281510278965
0.0281509725095
0.0281509172814
0.0281508622132
0.0281508073137
0.0281507525716
0.0281506979878
0.0281506435541
0.0281505892717
0.0281505351461
0.0281504811731
0.028150427347
0.0281503736737
0.0281503201518
0.0281502667859
0.0281502135786
0.0281501605283
0.0281501076239
0.02815005487
0.0281500022615
0.0281499497987
0.0281498974786
0.0281498452969
0.0281497932519
0.0281497413547
0.0281496896008
0.0281496379893
0.0281495865195
0.0281495351912
0.0281494840068
0.0281494329626
0.0281493820542
0.0281493312792
0.0281492806372
0.028149230127
0.0281491797462
0.0281491294979
0.0281490793788
0.0281490293866
0.0281489795218
0.0281489297871
0.0281488801804
0.0281488307008
0.0281487813472
0.0281487321282
0.0281486830274
0.0281486340423
0.0281485851733
0.0281485364221
0.028148487789
0.028148439272
0.0281483908649
0.0281483425669
0.0281482943865
0.0281482463177
0.0281481983517
0.0281481504924
0.0281481027418
0.0281480550907
0.0281480075422
0.0281479600882
0.0281479127302
0.028147865465
0.0281478182967
0.0281477712304
0.0281477242563
0.0281476773704
0.0281476305751
0.0281475838678
0.0281475372521
0.0281474907308
0.0281474442877
0.0281473979332
0.0281473516615
0.028147305468
0.0281472593506
0.028147213306
0.028147167333
0.0281471214375
0.0281470756193
0.0281470298766
0.028146984205
0.0281469386062
0.0281468930745
0.028146847616
0.0281468022264
0.0281467569002
0.0281467116332
0.0281466664321
0.0281466212957
0.0281465762128
0.0281465311841
0.0281464862053
0.0281464412753
0.0281463963936
0.028146351561
0.0281463067781
0.0281462620433
0.0281462173549
0.0281461727103
0.0281461281003
0.0281460835371
0.0281460390198
0.0281459945332
0.028145950078
0.0281459056648
0.0281458612958
0.0281458169575
0.0281457726512
0.028145728374
0.0281456841343
0.0281456399283
0.0281455957485
0.0281455515949
0.028145507463
0.028145463354
0.0281454192635
0.0281453751923
0.0281453311336
0.0281452870995
0.0281452430863
0.0281451990888
0.028145155102
0.0281451111322
0.0281450671681
0.0281450232149
0.0281449792769
0.0281449353565
0.0281448914405
0.0281448475382
0.0281448036381
0.0281447597448
0.0281447158522
0.0281446719582
0.0281446280601
0.0281445841524
0.0281445402415
0.0281444963231
0.0281444523985
0.0281444084682
0.0281443645295
0.0281443205838
0.0281442766177
0.0281442326363
0.0281441886332
0.028144144608
0.0281441005701
0.0281440565134
0.0281440124317
0.0281439683266
0.0281439242014
0.0281438800586
0.028143835887
0.0281437916841
0.028143747446
0.0281437031777
0.0281436588719
0.0281436145325
0.0281435701483
0.0281435257242
0.0281434812534
0.0281434367389
0.0281433921727
0.0281433475588
0.0281433029002
0.0281432581903
0.0281432134312
0.0281431686166
0.028143123753
0.0281430788347
0.0281430338563
0.0281429888217
0.0281429437252
0.0281428985589
0.0281428533268
0.0281428080242
0.0281427626386
0.0281427171733
0.0281426716285
0.0281426260119
0.0281425803096
0.028142534527
0.0281424886602
0.0281424427047
0.0281423966619
0.028142350517
0.0281423042769
0.0281422579458
0.028142211529
0.0281421650187
0.028142118414
0.0281420717153
0.0281420249132
0.0281419780093
0.0281419309966
0.0281418838768
0.0281418366445
0.0281417892875
0.0281417418086
0.0281416942094
0.0281416464845
0.0281415986436
0.0281415506797
0.0281415025917
0.0281414543678
0.0281414060155
0.0281413575314
0.0281413089192
0.0281412601888
0.0281412113195
0.028141162315
0.0281411131747
0.0281410638918
0.0281410144607
0.0281409648773
0.028140915145
0.0281408652711
0.0281408152415
0.0281407650571
0.0281407147096
0.0281406641987
0.0281406135252
0.0281405626986
0.028140511706
0.0281404605523
0.0281404092366
0.0281403577533
0.0281403061029
0.0281402542764
0.0281402022755
0.0281401500969
0.0281400977455
0.0281400452197
0.028139992528
0.0281399396612
0.0281398866074
0.0281398333651
0.0281397799445
0.0281397263458
0.0281396725653
0.028139618602
0.0281395644399
0.0281395100936
0.0281394555587
0.0281394008326
0.0281393459121
0.0281392907999
0.028139235498
0.0281391800017
0.0281391243141
0.0281390684242
0.0281390123404
0.0281389560617
0.0281388995706
0.0281388428822
0.0281387859909
0.0281387288942
0.0281386716042
0.0281386141121
0.0281385564262
0.0281384985423
0.0281384404563
0.0281383821805
0.0281383237021
0.0281382650219
0.0281382061324
0.0281381470388
0.028138087745
0.0281380282452
0.0281379685398
0.0281379086299
0.028137848518
0.0281377882075
0.0281377276931
0.0281376669664
0.0281376060269
0.0281375448722
0.0281374835156
0.0281374219606
0.0281373601986
0.0281372982282
0.0281372360509
0.0281371736819
0.0281371111245
0.028137048365
0.0281369854098
0.0281369222537
0.028136858902
0.0281367953633
0.0281367316281
0.0281366676925
0.0281366035641
0.0281365392387
0.0281364747219
0.0281364100129
0.028136345117
0.0281362800354
0.0281362147639
0.0281361493014
0.0281360836514
0.0281360178156
0.0281359517918
0.0281358855798
0.0281358191876
0.028135752618
0.0281356858677
0.0281356189354
0.0281355518193
0.0281354845256
0.0281354170504
0.0281353493942
0.0281352815635
0.0281352135652
0.0281351453959
0.0281350770559
0.0281350085403
0.0281349398615
0.0281348710226
0.0281348020231
0.0281347328561
0.0281346635219
0.0281345940316
0.0281345243846
0.0281344545754
0.0281343846115
0.0281343144869
0.0281342442145
0.028134173792
0.0281341032247
0.0281340325131
0.0281339616522
0.0281338906359
0.0281338194725
0.0281337481754
0.0281336767475
0.0281336051875
0.0281335334862
0.0281334616456
0.028133389666
0.0281333175548
0.0281332453126
0.0281331729435
0.0281331004453
0.0281330278262
0.0281329550865
0.0281328822206
0.0281328092277
0.0281327361223
0.028132662918
0.0281325896038
0.0281325161854
0.0281324426613
0.0281323690371
0.0281322952973
0.0281322214557
0.0281321475102
0.0281320734637
0.0281319993173
0.0281319250695
0.028131850728
0.0281317762917
0.0281317017602
0.0281316271266
0.0281315524081
0.0281314776069
0.0281314027117
0.028131327739
0.0281312526798
0.0281311775256
0.028131102294
0.0281310269858
0.0281309515976
0.0281308761332
0.0281308005934
0.0281307249837
0.028130649297
0.0281305735242
0.028130497675
0.0281304217522
0.0281303457568
0.0281302696902
0.0281301935564
0.0281301173534
0.0281300410862
0.0281299647689
0.0281298883967
0.0281298119607
0.0281297354573
0.0281296588923
0.0281295822627
0.0281295055771
0.0281294288258
0.0281293520109
0.0281292751343
0.0281291981866
0.0281291211719
0.0281290440954
0.0281289669507
0.0281288897434
0.0281288124732
0.0281287351344
0.0281286577379
0.0281285802861
0.0281285027799
0.0281284252154
0.0281283475921
0.028128269908
0.0281281921525
0.0281281143293
0.0281280364561
0.0281279585347
0.0281278805524
0.0281278025068
0.0281277243928
0.0281276462017
0.028127567943
0.0281274896148
0.0281274112134
0.0281273327526
0.0281272542327
0.0281271756457
0.0281270969971
0.0281270182828
0.0281269394955
0.0281268606399
0.0281267817108
0.0281267027139
0.0281266236489
0.0281265445196
0.0281264653253
0.0281263860554
0.0281263067084
0.0281262272948
0.0281261477947
0.0281260682174
0.0281259885577
0.0281259088231
0.0281258290174
0.028125749126
0.028125669151
0.0281255890913
0.0281255089464
0.028125428712
0.0281253483865
0.0281252679612
0.0281251874396
0.0281251068333
0.028125026137
0.028124945349
0.0281248644699
0.0281247835013
0.0281247024314
0.0281246212638
0.0281245400099
0.0281244586554
0.0281243771961
0.0281242956461
0.0281242139975
0.0281241322447
0.028124050393
0.0281239684336
0.0281238863644
0.0281238041809
0.0281237218977
0.0281236395176
0.0281235570359
0.0281234744506
0.0281233917564
0.0281233089484
0.0281232260286
0.0281231429938
0.0281230598409
0.0281229765768
0.0281228931961
0.028122809691
0.028122726064
0.0281226423165
0.0281225584434
0.0281224744444
0.0281223903239
0.0281223060775
0.0281222217056
0.0281221372072
0.0281220525836
0.028121967839
0.0281218829599
0.0281217979589
0.0281217128343
0.0281216275796
0.0281215421975
0.0281214566932
0.0281213710532
0.0281212852726
0.0281211993479
0.0281211132888
0.0281210270934
0.0281209407627
0.0281208543013
0.028120767716
0.0281206809905
0.0281205941243
0.0281205071216
0.0281204199732
0.0281203326819
0.028120245246
0.0281201576696
0.0281200699493
0.0281199820793
0.0281198940637
0.0281198059101
0.0281197176197
0.0281196291974
0.0281195406392
0.0281194519365
0.0281193630921
0.0281192741083
0.0281191849776
0.0281190957007
0.0281190062836
0.0281189167314
0.0281188270327
0.0281187371945
0.0281186472168
0.0281185570846
0.0281184668077
0.0281183763826
0.0281182858022
0.0281181950709
0.02811810419
0.028118013168
0.0281179220107
0.0281178307084
0.0281177392649
0.0281176476782
0.0281175559415
0.028117464059
0.0281173720425
0.0281172798877
0.0281171875984
0.0281170951672
0.0281170025899
0.028116909868
0.0281168170058
0.0281167240027
0.0281166308673
0.0281165375951
0.0281164441902
0.0281163506503
0.0281162569861
0.0281161632011
0.0281160692857
0.028115975237
0.0281158810615
0.0281157867624
0.0281156923413
0.028115597792
0.0281155031151
0.0281154083108
0.0281153133825
0.0281152183393
0.0281151231822
0.0281150279142
0.0281149325304
0.0281148370295
0.0281147414122
0.0281146456865
0.0281145498504
0.0281144539069
0.0281143578652
0.0281142617241
0.028114165485
0.0281140691539
0.0281139727256
0.0281138762028
0.0281137795824
0.0281136828699
0.0281135860653
0.0281134891732
0.0281133922012
0.0281132951476
0.0281131980197
0.0281131008122
0.028113003527
0.0281129061689
0.0281128087366
0.0281127112377
0.0281126136683
0.0281125160385
0.0281124183443
0.0281123205811
0.0281122227652
0.0281121248909
0.0281120269593
0.0281119289837
0.0281118309614
0.0281117328917
0.0281116347776
0.0281115366311
0.028111438438
0.0281113401944
0.0281112419246
0.0281111436226
0.0281110452903
0.0281109469278
0.0281108485407
0.028110750137
0.0281106517196
0.0281105532918
0.0281104548513
0.0281103564008
0.0281102579387
0.0281101594741
0.0281100610135
0.0281099625557
0.0281098641068
0.0281097656607
0.028109667218
0.0281095687854
0.0281094703725
0.0281093719816
0.0281092736083
0.0281091752532
0.0281090769293
0.0281089786317
0.0281088803584
0.0281087821379
0.028108683967
0.0281085858437
0.0281084877678
0.0281083897421
0.0281082917689
0.0281081938469
0.0281080959834
0.0281079981774
0.0281079004393
0.0281078027683
0.0281077051637
0.028107607634
0.0281075101815
0.0281074128119
0.0281073155277
0.0281072183312
0.0281071212223
0.0281070242037
0.028106927288
0.0281068304715
0.0281067337605
0.0281066371606
0.0281065406745
0.0281064442996
0.028106348044
0.0281062519087
0.0281061559031
0.0281060600173
0.0281059642638
0.0281058686408
0.028105773153
0.028105677807
0.0281055826048
0.02810548755
0.028105392654
0.0281052979158
0.0281052033285
0.0281051088965
0.0281050146421
0.0281049205556
0.0281048266347
0.0281047328835
0.0281046393075
0.0281045459059
0.0281044526742
0.028104359622
0.0281042667702
0.0281041741087
0.0281040816396
0.028103989364
0.0281038972816
0.0281038053986
0.0281037137181
0.0281036222499
0.0281035309906
0.0281034399413
0.0281033491097
0.0281032584984
0.0281031681097
0.0281030779457
0.0281029880101
0.0281028983055
0.0281028088262
0.0281027195761
0.0281026305575
0.0281025417729
0.0281024532258
0.0281023649246
0.0281022768673
0.0281021890579
0.0281021014988
0.028102014195
0.0281019271377
0.0281018403348
0.0281017537898
0.0281016675029
0.0281015814773
0.0281014957074
0.0281014102017
0.028101324961
0.0281012399786
0.0281011552614
0.0281010708261
0.0281009866658
0.0281009027789
0.0281008191673
0.028100735824
0.0281006527502
0.0281005699528
0.0281004874282
0.0281004051832
0.0281003232196
0.0281002415243
0.0281001601045
0.0281000789664
0.0280999981057
0.0280999175241
0.0280998372124
0.0280997571673
0.0280996774052
0.0280995979238
0.0280995187155
0.0280994397861
0.0280993611378
0.0280992827707
0.0280992046801
0.0280991268668
0.0280990493411
0.0280989720836
0.028098895098
0.0280988183869
0.028098741944
0.0280986657726
0.0280985898695
0.0280985142392
0.0280984388797
0.028098363792
0.02809828897
0.028098214415
0.0280981401265
0.0280980660986
0.0280979923323
0.0280979188249
0.0280978455756
0.0280977725787
0.0280976998425
0.0280976273629
0.0280975551397
0.0280974831747
0.0280974114554
0.0280973399843
0.0280972687683
0.0280971978045
0.0280971270833
0.0280970566032
0.0280969863563
0.0280969163504
0.0280968465813
0.0280967770531
0.0280967077606
0.0280966386986
0.0280965698644
0.0280965012569
0.0280964328687
0.0280963647017
0.0280962967548
0.0280962290286
0.0280961615167
0.0280960942217
0.0280960271389
0.0280959602598
0.0280958935878
0.028095827121
0.0280957608598
0.028095694793
0.0280956289252
0.0280955632591
0.0280954977848
0.0280954325107
0.0280953674276
0.0280953025214
0.0280952377927
0.0280951732492
0.028095108887
0.0280950447064
0.0280949806994
0.028094916864
0.028094853195
0.028094789691
0.0280947263484
0.0280946631709
0.0280946001536
0.0280945372854
0.0280944745667
0.0280944120009
0.0280943495847
0.028094287314
0.0280942251827
0.0280941631855
0.0280941013251
0.0280940395972
0.0280939779954
0.0280939165172
0.0280938551645
0.0280937939311
0.0280937328139
0.0280936718154
0.0280936109282
0.0280935501506
0.0280934894769
0.0280934289081
0.0280933684423
0.0280933080784
0.0280932478032
0.0280931876156
0.0280931275155
0.0280930674978
0.0280930075609
0.0280929477051
0.0280928879233
0.0280928282093
0.0280927685569
0.0280927089548
0.0280926494092
0.028092589927
0.0280925304969
0.0280924711139
0.0280924117817
0.0280923524951
0.0280922932434
0.0280922340248
0.0280921748302
0.0280921156628
0.0280920565119
0.0280919973775
0.0280919382557
0.02809187914
0.0280918200238
0.0280917609147
0.0280917018131
0.0280916427128
0.0280915835957
0.0280915244716
0.0280914653229
0.0280914061533
0.028091346961
0.0280912877293
0.0280912284586
0.0280911691511
0.0280911098077
0.028091050424
0.0280909909847
0.0280909314906
0.028090871936
0.0280908123235
0.028090752649
0.028090692893
0.0280906330552
0.0280905731287
0.0280905131234
0.0280904530273
0.0280903928445
0.0280903325689
0.0280902721987
0.0280902117256
0.0280901511541
0.0280900904645
0.028090029661
0.0280899687401
0.0280899076985
0.0280898465331
0.028089785238
0.0280897238152
0.0280896622534
0.0280896005532
0.0280895387118
0.0280894767207
0.0280894145754
0.0280893522785
0.0280892898194
0.0280892271958
0.0280891644146
0.028089101471
0.0280890383678
0.0280889751031
0.0280889116694
0.0280888480559
0.028088784261
0.0280887202862
0.0280886561249
0.0280885917792
0.0280885272431
0.0280884625112
0.0280883975881
0.0280883324743
0.0280882671701
0.0280882016719
0.0280881359628
0.0280880700484
0.0280880039283
0.0280879375922
0.0280878710459
0.028087804289
0.0280877373204
0.0280876701522
0.0280876027684
0.0280875351658
0.0280874673425
0.0280873992941
0.0280873310147
0.0280872625277
0.0280871938207
0.0280871248891
0.0280870557344
0.0280869863577
0.0280869167626
0.0280868469399
0.0280867768952
0.0280867066258
0.0280866361173
0.0280865653852
0.0280864944367
0.0280864232677
0.0280863518605
0.0280862802218
0.0280862083532
0.0280861362633
0.0280860639529
0.0280859914146
0.0280859186582
0.0280858456773
0.0280857724677
0.0280856990269
0.0280856253496
0.0280855514431
0.028085477319
0.0280854029762
0.028085328412
0.0280852536264
0.028085178626
0.0280851034107
0.0280850279835
0.0280849523465
0.0280848764868
0.0280848004127
0.0280847241234
0.028084647618
0.0280845708958
0.0280844939574
0.0280844168028
0.0280843394407
0.0280842618633
0.0280841840809
0.0280841060927
0.0280840278994
0.0280839495042
0.0280838709106
0.0280837921177
0.0280837131341
0.0280836339568
0.0280835545838
0.0280834750154
0.0280833952477
0.0280833152814
0.0280832351208
0.0280831547631
0.0280830742138
0.0280829934819
0.0280829125634
0.0280828314604
0.0280827501741
0.0280826687062
0.0280825870494
0.0280825052038
0.0280824231755
0.0280823409688
0.0280822585805
0.0280821760044
0.0280820932535
0.0280820103221
0.028081927216
0.028081843929
0.0280817604617
0.0280816768254
0.028081593023
0.0280815090537
0.0280814249092
0.0280813405952
0.0280812561128
0.0280811714637
0.028081086655
0.0280810016821
0.0280809165449
0.0280808312422
0.0280807457813
0.0280806601628
0.0280805743777
0.0280804884283
0.0280804023223
0.0280803160602
0.028080229645
0.0280801430737
0.0280800563508
0.0280799694742
0.0280798824488
0.0280797952714
0.0280797079437
0.0280796204597
0.0280795328303
0.0280794450516
0.0280793571237
0.0280792690462
0.0280791808185
0.0280790924402
0.0280790039175
0.0280789152549
0.0280788264441
0.0280787374875
0.0280786483909
0.0280785591549
0.0280784697793
0.0280783802697
0.028078290616
0.0280782008211
0.0280781108889
0.0280780208239
0.0280779306131
0.0280778402567
0.0280777497638
0.0280776591255
0.0280775683554
0.028077477451
0.0280773864079
0.0280772952235
0.0280772039063
0.0280771124579
0.0280770208734
0.0280769291551
0.0280768373068
0.0280767453241
0.0280766532075
0.0280765609743
0.0280764686152
0.0280763761258
0.0280762835037
0.0280761907664
0.0280760979005
0.0280760048971
0.0280759117604
0.0280758184941
0.0280757250978
0.0280756315676
0.0280755379028
0.0280754441191
0.0280753502074
0.0280752561743
0.0280751620272
0.0280750677586
0.0280749733642
0.0280748788465
0.0280747842095
0.0280746894507
0.0280745945636
0.0280744995505
0.0280744044187
0.0280743091558
0.028074213769
0.028074118269
0.0280740226515
0.0280739269048
0.0280738310397
0.0280737350502
0.0280736389506
0.0280735427428
0.02807344643
0.0280733500068
0.0280732534741
0.0280731568246
0.028073060067
0.0280729632077
0.0280728662312
0.0280727691478
0.0280726719686
0.0280725746925
0.0280724773197
0.0280723798428
0.0280722822596
0.0280721845748
0.0280720867911
0.0280719889095
0.028071890937
0.0280717928736
0.0280716947221
0.0280715964775
0.0280714981431
0.0280713997221
0.0280713012101
0.0280712026219
0.0280711039597
0.028071005222
0.0280709064101
0.0280708075244
0.028070708571
0.0280706095525
0.0280705104762
0.0280704113314
0.0280703121215
0.0280702128569
0.0280701135367
0.028070014164
0.0280699147369
0.0280698152627
0.0280697157513
0.0280696161953
0.0280695165982
0.0280694169728
0.0280693173155
0.0280692176335
0.028069117933
0.0280690182058
0.0280689184494
0.0280688186789
0.028068718894
0.0280686190961
0.0280685192907
0.0280684194689
0.0280683196379
0.0280682198053
0.0280681199845
0.0280680201673
0.0280679203586
0.0280678205653
0.0280677207894
0.0280676210198
0.028067521268
0.0280674215337
0.0280673218229
0.0280672221461
0.0280671224989
0.0280670228746
0.0280669232883
0.0280668237486
0.0280667242422
0.0280666247754
0.0280665253464
0.028066425959
0.0280663266276
0.028066227355
0.0280661281432
0.0280660289934
0.0280659299017
0.0280658308566
0.0280657318614
0.0280656329367
0.0280655340724
0.028065435273
0.0280653365529
0.0280652379051
0.0280651393304
0.0280650408233
0.0280649423893
0.0280648440364
0.0280647457746
0.0280646476006
0.0280645495095
0.0280644514891
0.0280643535529
0.0280642557087
0.0280641579506
0.0280640602808
0.0280639626932
0.0280638651934
0.0280637677924
0.0280636704855
0.0280635732728
0.0280634761568
0.0280633791282
0.0280632822004
0.0280631853776
0.028063088647
0.028062992003
0.0280628954506
0.0280627990035
0.0280627026526
0.0280626064092
0.0280625102915
0.0280624142953
0.0280623184179
0.0280622226672
0.0280621270438
0.0280620315337
0.0280619361354
0.0280618408613
0.0280617457045
0.028061650665
0.0280615557351
0.0280614609251
0.0280613662357
0.0280612716676
0.0280611772304
0.0280610829134
0.0280609887187
0.0280608946498
0.028060800707
0.0280607068937
0.0280606132106
0.0280605196524
0.0280604262175
0.0280603329034
0.0280602397231
0.0280601466745
0.0280600537555
0.0280599609666
0.0280598683073
0.0280597757776
0.0280596833814
0.0280595911265
0.0280594990033
0.028059407016
0.0280593151664
0.0280592234472
0.0280591318611
0.028059040415
0.0280589491067
0.0280588579318
0.0280587668987
0.0280586760106
0.0280585852491
0.0280584946218
0.0280584041318
0.0280583137697
0.0280582235405
0.0280581334507
0.0280580435116
0.0280579537052
0.0280578640413
0.0280577745168
0.0280576851385
0.0280575958995
0.0280575068154
0.02805741788
0.0280573290772
0.0280572404169
0.0280571519008
0.0280570635198
0.0280569752729
0.0280568871658
0.0280567992027
0.0280567113875
0.0280566237088
0.028056536162
0.0280564487407
0.0280563614491
0.0280562743017
0.0280561872885
0.0280561004148
0.0280560136775
0.0280559270772
0.0280558406115
0.0280557542751
0.0280556680713
0.0280555820018
0.028055496056
0.0280554102422
0.0280553245643
0.0280552390299
0.0280551536282
0.0280550683473
0.0280549831859
0.0280548981461
0.0280548132266
0.0280547284315
0.0280546437559
0.0280545592164
0.0280544748029
0.028054390509
0.0280543063358
0.0280542222831
0.0280541383429
0.0280540545148
0.0280539708046
0.0280538872096
0.0280538037312
0.0280537203619
0.028053637101
0.0280535539491
0.0280534709065
0.0280533879738
0.0280533051401
0.0280532224133
0.0280531397868
0.0280530572595
0.0280529748301
0.0280528924965
0.0280528102637
0.0280527281361
0.0280526461136
0.0280525641854
0.0280524823413
0.0280524005859
0.0280523189116
0.0280522373269
0.028052155827
0.0280520744124
0.0280519930729
0.028051911814
0.0280518306372
0.0280517495346
0.0280516685106
0.0280515875505
0.0280515066519
0.0280514258152
0.0280513450415
0.0280512643232
0.0280511836702
0.0280511030785
0.0280510225474
0.0280509420663
0.0280508616394
0.0280507812613
0.028050700936
0.0280506206616
0.0280505404339
0.0280504602498
0.028050380123
0.0280503000261
0.0280502199525
0.028050139916
0.0280500599065
0.0280499799294
0.0280498999719
0.0280498200353
0.0280497401146
0.02804966021
0.0280495803281
0.0280495004701
0.0280494206279
0.0280493407888
0.0280492609566
0.0280491811311
0.0280491013029
0.0280490214741
0.0280489416425
0.0280488618052
0.0280487819612
0.0280487021096
0.0280486222406
0.0280485423568
0.0280484624559
0.0280483825414
0.028048302615
0.0280482226623
0.0280481426732
0.0280480626555
0.0280479826081
0.0280479025206
0.0280478223871
0.0280477422109
0.0280476619886
0.0280475817199
0.0280475014073
0.0280474210389
0.0280473406209
0.0280472601461
0.0280471796027
0.0280470990015
0.0280470183439
0.0280469376334
0.0280468568603
0.0280467760166
0.0280466951049
0.0280466141235
0.0280465330643
0.0280464519201
0.0280463706994
0.0280462894086
0.0280462080298
0.028046126557
0.0280460449989
0.0280459633604
0.028045881638
0.0280457998272
0.0280457179187
0.0280456359162
0.0280455538227
0.0280454716393
0.0280453893613
0.0280453069795
0.028045224497
0.0280451419123
0.0280450592202
0.0280449764262
0.0280448935231
0.0280448105035
0.0280447273808
0.0280446441637
0.0280445608451
0.0280444774266
0.0280443938947
0.0280443102506
0.028044226489
0.0280441426082
0.0280440586153
0.0280439745055
0.0280438902842
0.0280438059445
0.0280437214945
0.0280436369287
0.0280435522411
0.0280434674301
0.0280433824901
0.0280432974309
0.0280432122604
0.0280431269737
0.0280430415616
0.0280429560205
0.0280428703615
0.0280427845826
0.0280426986833
0.0280426126753
0.0280425265468
0.0280424403025
0.0280423539378
0.0280422674497
0.028042180843
0.0280420941202
0.028042007276
0.0280419203168
0.028041833241
0.0280417460554
0.0280416587458
0.0280415713188
0.0280414837805
0.0280413961278
0.0280413083574
0.0280412204679
0.0280411324686
0.0280410443644
0.028040956153
0.0280408678336
0.0280407794034
0.0280406908632
0.0280406022125
0.0280405134501
0.028040424576
0.0280403355969
0.0280402465158
0.0280401573265
0.0280400680386
0.028039978652
0.0280398891633
0.0280397995724
0.0280397098891
0.0280396201141
0.0280395302468
0.0280394402758
0.0280393502189
0.0280392600751
0.028039169854
0.0280390795497
0.0280389891638
0.0280388986887
0.028038808126
0.0280387174813
0.0280386267678
0.028038535988
0.0280384451399
0.0280383542253
0.028038263245
0.0280381722063
0.028038081106
0.028037989941
0.0280378987123
0.0280378074334
0.0280377161016
0.0280376247127
0.0280375332615
0.0280374417539
0.0280373502044
0.0280372586091
0.0280371669678
0.0280370752757
0.0280369835389
0.0280368917616
0.0280367999525
0.0280367081102
0.0280366162395
0.0280365243502
0.0280364324401
0.0280363405057
0.0280362485515
0.0280361565797
0.0280360645941
0.0280359725956
0.0280358805864
0.0280357885654
0.0280356965291
0.0280356044874
0.0280355124435
0.0280354203949
0.0280353283529
0.0280352363193
0.0280351442943
0.0280350522781
0.0280349602727
0.0280348682786
0.0280347763006
0.0280346843322
0.028034592387
0.0280345004719
0.028034408579
0.0280343167119
0.0280342248779
0.0280341330802
0.0280340413162
0.0280339495853
0.028033857895
0.0280337662471
0.0280336746408
0.0280335830834
0.0280334915723
0.0280334001049
0.0280333086992
0.0280332173575
0.028033126074
0.0280330348525
0.0280329436881
0.0280328526014
0.0280327615859
0.0280326706426
0.0280325797766
0.0280324889845
0.0280323982767
0.0280323076555
0.0280322171174
0.0280321266706
0.0280320363115
0.0280319460515
0.0280318558815
0.0280317658023
0.0280316758259
0.0280315859561
0.0280314961913
0.0280314065402
0.0280313169889
0.028031227545
0.0280311382229
0.0280310490166
0.028030959926
0.0280308709572
0.0280307821244
0.0280306934344
0.0280306048642
0.0280305164138
0.0280304280859
0.0280303398976
0.0280302518607
0.0280301639674
0.0280300762189
0.0280299886295
0.0280299011955
0.028029813931
0.0280297268314
0.0280296398866
0.0280295530933
0.0280294664499
0.0280293799612
0.0280292936359
0.0280292074856
0.0280291215079
0.028029035695
0.0280289500669
0.0280288646147
0.0280287793383
0.028028694242
0.0280286093303
0.0280285245964
0.0280284400541
0.0280283557145
0.0280282715666
0.0280281876162
0.0280281038594
0.0280280203056
0.0280279369585
0.0280278538185
0.028027770878
0.0280276881427
0.0280276056104
0.0280275232908
0.0280274411663
0.0280273592504
0.0280272775526
0.0280271960672
0.0280271148002
0.0280270337573
0.028026952951
0.0280268723695
0.0280267920122
0.0280267118796
0.0280266319621
0.0280265522731
0.0280264728037
0.0280263935695
0.0280263145711
0.0280262357936
0.0280261572545
0.0280260789491
0.0280260008813
0.0280259230489
0.0280258454438
0.0280257680736
0.0280256909341
0.0280256140313
0.0280255373653
0.0280254609346
0.0280253847336
0.0280253087665
0.0280252330324
0.0280251575398
0.0280250822816
0.0280250072502
0.028024932452
0.0280248578897
0.0280247835588
0.0280247094589
0.0280246355943
0.028024561964
0.028024488566
0.0280244154009
0.0280243424697
0.0280242697753
0.0280241973012
0.0280241250541
0.0280240530414
0.0280239812629
0.0280239097065
0.0280238383732
0.0280237672621
0.0280236963736
0.0280236257056
0.0280235552516
0.0280234850082
0.0280234149813
0.0280233451658
0.028023275563
0.0280232061781
0.0280231370123
0.0280230680527
0.0280229992895
0.0280229307277
0.0280228623685
0.028022794215
0.0280227262526
0.0280226584823
0.0280225909076
0.0280225235259
0.0280224563325
0.0280223893253
0.0280223225001
0.0280222558596
0.0280221893984
0.0280221231219
0.0280220570194
0.0280219910851
0.0280219253181
0.0280218597275
0.0280217943028
0.0280217290476
0.0280216639512
0.0280215990114
0.0280215342251
0.0280214696015
0.028021405127
0.0280213407957
0.0280212766104
0.0280212125626
0.0280211486467
0.0280210848597
0.0280210211972
0.0280209576631
0.0280208942536
0.0280208309651
0.0280207677964
0.0280207047476
0.0280206418187
0.0280205789975
0.0280205162763
0.0280204536621
0.0280203911482
0.0280203287321
0.0280202664096
0.0280202041741
0.0280201420257
0.0280200799665
0.0280200179909
0.0280199560914
0.0280198942668
0.0280198325184
0.0280197708407
0.0280197092347
0.0280196477015
0.0280195862293
0.0280195248179
0.0280194634618
0.0280194021569
0.0280193408983
0.0280192796954
0.0280192185442
0.028019157435
0.0280190963656
0.0280190353327
0.0280189743294
0.0280189133475
0.0280188523978
0.0280187914755
0.028018730574
0.0280186696892
0.028018608816
0.0280185479564
0.0280184871079
0.0280184262669
0.028018365436
0.0280183046041
0.0280182437765
0.0280181829592
0.02801812214
0.0280180613079
0.0280180004679
0.028017939623
0.0280178787529
0.028017817868
0.028017756974
0.0280176960592
0.0280176351195
0.0280175741551
0.0280175131634
0.0280174521386
0.0280173910802
0.0280173299901
0.0280172688713
0.0280172077085
0.0280171465002
0.0280170852574
0.0280170239817
0.0280169626672
0.0280169012953
0.0280168398686
0.0280167783851
0.0280167168415
0.0280166552432
0.0280165935862
0.0280165318714
0.0280164701004
0.0280164082793
0.0280163463843
0.028016284417
0.0280162223904
0.0280161602848
0.0280160981033
0.0280160358491
0.0280159735249
0.0280159111292
0.0280158486559
0.028015786109
0.0280157234855
0.0280156607827
0.0280155980058
0.0280155351498
0.028015472199
0.0280154091549
0.0280153460165
0.0280152827893
0.0280152194734
0.0280151560619
0.0280150925485
0.0280150289429
0.0280149652404
0.0280149014281
0.0280148375217
0.028014773512
0.0280147094039
0.028014645192
0.0280145808684
0.0280145164494
0.0280144519285
0.0280143872911
0.0280143225403
0.0280142576839
0.028014192724
0.0280141276601
0.0280140624879
0.0280139971922
0.028013931774
0.0280138662376
0.0280138005836
0.0280137348123
0.0280136689298
0.0280136029314
0.0280135368118
0.0280134705694
0.0280134042115
0.0280133377237
0.0280132711075
0.0280132043589
0.0280131374782
0.0280130704725
0.0280130033369
0.0280129360641
0.0280128686602
0.0280128011228
0.0280127334364
0.0280126656128
0.0280125976548
0.0280125295658
0.0280124613443
0.0280123929926
0.028012324508
0.028012255887
0.0280121871249
0.0280121182212
0.0280120491774
0.0280119799897
0.0280119106629
0.0280118411828
0.0280117715607
0.0280117017937
0.0280116318837
0.0280115618282
0.0280114916312
0.0280114212967
0.0280113508243
0.0280112802049
0.028011209434
0.0280111385168
0.0280110674486
0.0280109962287
0.0280109248625
0.0280108533538
0.0280107816951
0.0280107098909
0.028010637936
0.0280105658167
0.0280104935402
0.0280104211123
0.02801034854
0.0280102758199
0.0280102029519
0.0280101299297
0.0280100567514
0.0280099834156
0.0280099099212
0.0280098362659
0.0280097624533
0.028009688481
0.0280096143568
0.028009540087
0.0280094656643
0.0280093910877
0.0280093163586
0.0280092414753
0.0280091664359
0.0280090912471
0.0280090159071
0.0280089404145
0.0280088647701
0.0280087889743
0.0280087130321
0.0280086369385
0.0280085607026
0.0280084843103
0.0280084077616
0.0280083310577
0.0280082542078
0.0280081772061
0.0280081000522
0.0280080227426
0.0280079452804
0.0280078676672
0.0280077899152
0.0280077120242
0.0280076339801
0.0280075557911
0.0280074774522
0.0280073989719
0.0280073203392
0.0280072415545
0.0280071626296
0.0280070835577
0.0280070043364
0.0280069249815
0.0280068454921
0.0280067658559
0.0280066860769
0.0280066061613
0.0280065261135
0.0280064459243
0.0280063655907
0.0280062851169
0.0280062045059
0.0280061237543
0.0280060428705
0.0280059618535
0.0280058807099
0.0280057994334
0.0280057180259
0.0280056364883
0.0280055548231
0.0280054730242
0.0280053910861
0.0280053090217
0.0280052268309
0.0280051445118
0.0280050620656
0.0280049794892
0.0280048967855
0.0280048139537
0.0280047310011
0.0280046479299
0.0280045647309
0.0280044814123
0.0280043979726
0.028004314415
0.0280042307425
0.028004146959
0.0280040630548
0.0280039790335
0.0280038948828
0.0280038106079
0.028003726205
0.0280036416766
0.0280035570377
0.0280034722762
0.0280033873942
0.0280033023903
0.0280032172602
0.0280031320096
0.0280030466441
0.0280029611653
0.0280028755686
0.0280027898469
0.0280027040116
0.0280026180579
0.0280025319865
0.0280024458027
0.028002359501
0.028002273084
0.0280021865577
0.0280020999154
0.0280020131534
0.0280019262658
0.0280018392544
0.0280017521192
0.0280016648611
0.0280015774802
0.0280014899765
0.0280014023534
0.0280013146133
0.0280012267502
0.0280011387618
0.0280010506618
0.0280009624459
0.028000874096
0.028000785616
0.0280006970063
0.0280006082766
0.0280005194184
0.0280004304336
0.0280003413283
0.028000252103
0.0280001627518
0.028000073277
0.0279999836703
0.027999893934
0.0279998040632
0.0279997140669
0.027999623945
0.0279995336938
0.0279994433158
0.027999352808
0.0279992621794
0.0279991714352
0.027999080565
0.027998989569
0.0279988984449
0.0279988072003
0.0279987158358
0.0279986243447
0.0279985327294
0.0279984409963
0.027998349149
0.0279982571814
0.0279981650927
0.0279980728866
0.0279979805673
0.0279978881308
0.027997795578
0.0279977028995
0.0279976101082
0.027997517203
0.0279974241794
0.0279973310452
0.0279972378068
0.0279971444634
0.0279970510101
0.0279969574565
0.0279968637991
0.027996770041
0.0279966761723
0.0279965821935
0.0279964881178
0.0279963939447
0.027996299671
0.027996205301
0.0279961108282
0.02799601626
0.0279959216015
0.0279958268407
0.0279957319864
0.027995637047
0.0279955420213
0.0279954468964
0.0279953516859
0.0279952563942
0.0279951610262
0.0279950655733
0.0279949700417
0.0279948744194
0.0279947787199
0.0279946829416
0.0279945870806
0.027994491131
0.0279943951084
0.027994299006
0.0279942028232
0.027994106561
0.0279940102339
0.027993913836
0.0279938173662
0.0279937208218
0.0279936242059
0.0279935275184
0.0279934307599
0.0279933339372
0.0279932370431
0.0279931400774
0.0279930430438
0.0279929459473
0.0279928487877
0.0279927515672
0.0279926542877
0.0279925569384
0.0279924595263
0.0279923620534
0.0279922645223
0.0279921669358
0.0279920692962
0.0279919716009
0.0279918738441
0.0279917760304
0.0279916781556
0.0279915802281
0.0279914822496
0.0279913842138
0.0279912861282
0.0279911879877
0.0279910897977
0.0279909915642
0.0279908932754
0.0279907949335
0.0279906965429
0.0279905980999
0.0279904996092
0.0279904010734
0.0279903024887
0.0279902038536
0.027990105166
0.0279900064383
0.0279899076707
0.0279898088644
0.0279897100191
0.0279896111351
0.027989512212
0.027989413243
0.0279893142312
0.0279892151738
0.027989116077
0.0279890169442
0.0279889177751
0.0279888185658
0.0279887193188
0.0279886200429
0.0279885207258
0.0279884213747
0.0279883219856
0.0279882225598
0.0279881231079
0.0279880236338
0.027987924128
0.0279878245881
0.0279877250174
0.0279876254169
0.0279875257793
0.027987426111
0.0279873264144
0.0279872266936
0.0279871269435
0.0279870271655
0.0279869273671
0.0279868275504
0.0279867277069
0.0279866278412
0.0279865279491
0.0279864280306
0.0279863280812
0.0279862281137
0.0279861281334
0.0279860281367
0.0279859281234
0.0279858280922
0.0279857280366
0.0279856279654
0.0279855278759
0.0279854277597
0.027985327621
0.0279852274609
0.0279851272936
0.0279850271119
0.0279849269178
0.0279848267175
0.0279847265105
0.0279846262964
0.0279845260726
0.0279844258415
0.0279843255947
0.027984225347
0.0279841251002
0.0279840248521
0.0279839246033
0.0279838243532
0.0279837240999
0.0279836238499
0.027983523596
0.0279834233387
0.0279833230784
0.0279832228233
0.027983122564
0.0279830223037
0.0279829220471
0.0279828217923
0.0279827215454
0.027982621301
0.0279825210586
0.027982420819
0.0279823205893
0.0279822203658
0.027982120163
0.0279820199682
0.0279819197782
0.027981819601
0.0279817194424
0.0279816193028
0.027981519182
0.0279814190811
0.0279813190061
0.0279812189591
0.0279811189369
0.0279810189336
0.0279809189496
0.0279808189896
0.0279807190511
0.0279806191409
0.0279805192533
0.0279804193882
0.0279803195606
0.0279802197665
0.0279801200091
0.0279800202955
0.0279799206207
0.0279798209897
0.0279797213894
0.0279796218304
0.0279795223142
0.0279794228421
0.0279793234151
0.0279792240316
0.0279791246956
0.0279790254064
0.0279789261634
0.0279788269734
0.0279787278441
0.0279786287755
0.0279785297643
0.0279784308106
0.0279783319136
0.0279782330775
0.0279781343033
0.0279780355857
0.0279779369282
0.0279778383343
0.0279777398125
0.0279776413631
0.0279775429785
0.0279774446552
0.0279773464017
0.0279772482293
0.0279771501344
0.0279770521163
0.0279769541772
0.0279768563123
0.0279767585313
0.0279766608367
0.0279765632238
0.0279764656936
0.0279763682497
0.0279762708945
0.0279761736199
0.0279760764353
0.0279759793334
0.0279758823197
0.0279757854021
0.0279756885772
0.0279755918523
0.0279754952194
0.0279753986782
0.0279753022339
0.0279752058861
0.0279751096361
0.0279750134892
0.0279749174379
0.0279748214776
0.0279747256253
0.0279746298791
0.0279745342388
0.0279744386898
0.0279743432381
0.0279742478923
0.0279741526528
0.027974057516
0.0279739624905
0.0279738675671
0.027973772758
0.0279736780568
0.0279735834641
0.0279734889776
0.0279733945942
0.0279733003202
0.0279732061584
0.0279731121065
0.0279730181568
0.0279729243142
0.0279728305754
0.0279727369371
0.0279726434009
0.0279725499698
0.0279724566492
0.0279723634344
0.0279722703296
0.0279721773294
0.0279720844351
0.0279719916401
0.0279718989446
0.0279718063523
0.0279717138638
0.0279716214808
0.0279715292035
0.0279714370307
0.0279713449637
0.0279712529949
0.027971161122
0.0279710693473
0.0279709776714
0.0279708861004
0.0279707946264
0.0279707032452
0.0279706119614
0.0279705207734
0.0279704296906
0.0279703387015
0.0279702478075
0.0279701570027
0.0279700662826
0.0279699756512
0.0279698851123
0.0279697946623
0.0279697043072
0.0279696140431
0.0279695238677
0.0279694337866
0.0279693437919
0.0279692538767
0.0279691640492
0.0279690743087
0.0279689846417
0.0279688950566
0.0279688055584
0.0279687161444
0.0279686268142
0.0279685375678
0.0279684484069
0.0279683593242
0.0279682703164
0.0279681813836
0.0279680925229
0.0279680037324
0.0279679150203
0.0279678263754
0.0279677378023
0.0279676493096
0.0279675608993
0.0279674725647
0.0279673842931
0.0279672960923
0.0279672079608
0.0279671198975
0.0279670319045
0.0279669439762
0.0279668561154
0.0279667683191
0.0279666805821
0.0279665929082
0.0279665053066
0.0279664177709
0.0279663303107
0.0279662429211
0.0279661555914
0.0279660683245
0.0279659811244
0.0279658939878
0.0279658069182
0.0279657199053
0.0279656329517
0.0279655460555
0.0279654592216
0.0279653724442
0.0279652857304
0.0279651990712
0.0279651124747
0.0279650259393
0.0279649394637
0.027964853048
0.0279647666764
0.0279646803617
0.0279645941084
0.027964507912
0.027964421776
0.0279643356998
0.0279642496863
0.0279641637355
0.0279640778464
0.0279639920115
0.0279639062254
0.0279638204949
0.0279637348228
0.0279636492115
0.0279635636531
0.0279634781502
0.0279633927039
0.0279633073156
0.0279632219863
0.0279631367144
0.0279630514953
0.0279629663319
0.0279628812239
0.0279627961822
0.0279627111904
0.0279626262531
0.0279625413692
0.0279624565378
0.0279623717633
0.0279622870397
0.0279622023709
0.0279621177503
0.0279620331868
0.0279619486873
0.0279618642402
0.027961779857
0.0279616955279
0.0279616112491
0.0279615270335
0.0279614428792
0.0279613587822
0.0279612747416
0.0279611907588
0.0279611068309
0.027961022962
0.0279609391515
0.0279608554066
0.0279607717248
0.0279606881115
0.027960604563
0.0279605210707
0.0279604376385
0.0279603542628
0.0279602709481
0.0279601876959
0.0279601045042
0.0279600213673
0.0279599382962
0.0279598552821
0.0279597723285
0.0279596894246
0.0279596065701
0.0279595237839
0.0279594410573
0.0279593583916
0.0279592757924
0.0279591932572
0.0279591107858
0.0279590283854
0.0279589460458
0.0279588637719
0.0279587815625
0.0279586994227
0.0279586173487
0.0279585353474
0.0279584534131
0.0279583715501
0.0279582897492
0.0279582080232
0.0279581263724
0.0279580447939
0.027957963286
0.027957881853
0.0279578004955
0.02795771921
0.0279576379828
0.0279575568222
0.0279574757354
0.0279573947317
0.0279573138063
0.0279572329572
0.0279571521801
0.0279570714745
0.0279569908405
0.0279569102839
0.0279568298098
0.0279567494169
0.0279566690928
0.0279565888481
0.0279565086919
0.0279564286305
0.027956348657
0.0279562687761
0.0279561889765
0.0279561092598
0.0279560296273
0.0279559500784
0.0279558706214
0.0279557912541
0.0279557119757
0.0279556327836
0.0279555536797
0.027955474664
0.0279553957349
0.0279553169031
0.0279552381804
0.027955159555
0.0279550810264
0.0279550025925
0.0279549242546
0.027954846014
0.0279547678838
0.0279546898482
0.0279546119161
0.0279545340857
0.0279544563506
0.0279543787192
0.0279543011893
0.0279542237596
0.027954146434
0.0279540692135
0.0279539921016
0.0279539150988
0.0279538382047
0.0279537614315
0.0279536847718
0.0279536082279
0.0279535318006
0.0279534554894
0.0279533792972
0.0279533032274
0.0279532272839
0.0279531514561
0.0279530757473
0.0279530001522
0.0279529246786
0.0279528493287
0.0279527741061
0.0279526990081
0.0279526240375
0.0279525491934
0.0279524744738
0.0279523998895
0.0279523254371
0.0279522511239
0.0279521769402
0.0279521028842
0.027952028964
0.0279519551875
0.0279518815605
0.0279518080716
0.027951734723
0.0279516615173
0.0279515884452
0.0279515155025
0.0279514427016
0.0279513700363
0.0279512975136
0.0279512251306
0.0279511528894
0.0279510807878
0.0279510088391
0.0279509370356
0.0279508653799
0.0279507938744
0.0279507225183
0.0279506513217
0.0279505802749
0.0279505093754
0.0279504386328
0.0279503680508
0.0279502976161
0.0279502273335
0.0279501571941
0.0279500872108
0.0279500173935
0.0279499477425
0.027949878245
0.0279498089029
0.0279497397175
0.0279496706997
0.0279496018369
0.0279495331297
0.0279494645848
0.0279493961963
0.0279493279557
0.0279492598769
0.0279491919572
0.0279491242021
0.0279490566108
0.0279489891924
0.0279489219337
0.0279488548425
0.0279487879174
0.0279487211637
0.0279486545807
0.0279485881623
0.0279485218949
0.0279484557905
0.0279483898457
0.02794832407
0.0279482584654
0.0279481930314
0.0279481277569
0.0279480626512
0.0279479977037
0.0279479329274
0.0279478683195
0.027947803888
0.0279477396253
0.0279476755296
0.0279476115956
0.0279475478308
0.0279474842322
0.0279474208044
0.0279473575521
0.0279472944698
0.0279472315611
0.0279471688266
0.0279471062658
0.0279470438712
0.0279469816471
0.0279469195945
0.0279468577164
0.0279467960111
0.0279467344814
0.0279466731287
0.0279466119604
0.0279465509762
0.0279464901729
0.0279464295479
0.0279463690999
0.0279463088249
0.0279462487291
0.0279461888082
0.0279461290665
0.0279460695058
0.0279460101251
0.0279459509294
0.0279458919156
0.0279458330869
0.0279457744442
0.0279457159831
0.0279456577085
0.0279455996168
0.0279455417111
0.0279454839992
0.0279454264706
0.0279453691279
0.0279453119737
0.0279452550093
0.0279451982403
0.0279451416679
0.0279450852875
0.0279450291003
0.0279449731025
0.027944917305
0.0279448617052
0.0279448062963
0.0279447510812
0.0279446960607
0.0279446412376
0.0279445866065
0.0279445321672
0.02794447792
0.0279444238751
0.0279443700307
0.0279443163779
0.0279442629246
0.0279442096706
0.0279441566159
0.0279441037512
0.0279440510842
0.0279439986123
0.0279439463352
0.0279438942532
0.0279438423684
0.0279437906836
0.0279437391974
0.0279436879183
0.0279436368449
0.02794358597
0.0279435352975
0.0279434848225
0.0279434345365
0.0279433844427
0.0279433345404
0.027943284839
0.0279432353366
0.0279431860343
0.0279431369263
0.0279430880081
0.027943039283
0.0279429907528
0.0279429424049
0.0279428942468
0.0279428462829
0.027942798503
0.0279427509101
0.0279427035031
0.0279426562864
0.0279426092504
0.027942562406
0.0279425157448
0.0279424692625
0.027942422961
0.0279423768365
0.0279423308808
0.0279422850979
0.0279422394788
0.0279421940359
0.0279421487624
0.027942103658
0.0279420587184
0.0279420139437
0.027941969336
0.0279419248902
0.0279418806017
0.0279418364772
0.0279417925109
0.0279417487001
0.0279417050438
0.0279416615458
0.0279416182101
0.0279415750268
0.0279415319878
0.027941489092
0.0279414463435
0.0279414037385
0.0279413612672
0.0279413189334
0.0279412767356
0.0279412346716
0.0279411927453
0.0279411509593
0.0279411093009
0.027941067772
0.0279410263749
0.0279409850962
0.0279409439391
0.0279409029083
0.0279408619986
0.0279408211997
0.0279407805216
0.0279407399656
0.0279406995276
0.0279406592066
0.0279406189904
0.0279405788804
0.0279405388797
0.0279404989845
0.0279404592005
0.0279404195224
0.0279403799474
0.0279403404826
0.0279403011263
0.027940261874
0.0279402227108
0.0279401836434
0.0279401446633
0.0279401057792
0.0279400669835
0.027940028278
0.0279399896585
0.0279399511271
0.0279399126908
0.0279398743514
0.02793983609
0.0279397979008
0.0279397597867
0.0279397217507
0.0279396837955
0.0279396459247
0.0279396081409
0.0279395704358
0.0279395327984
0.0279394952475
0.0279394577751
0.0279394203774
0.027939383047
0.0279393457879
0.0279393086012
0.0279392714838
0.0279392344375
0.0279391974691
0.0279391605714
0.0279391237514
0.0279390869963
0.0279390503139
0.0279390136995
0.0279389771513
0.0279389406727
0.0279389042569
0.027938867913
0.0279388316215
0.0279387953813
0.0279387591968
0.027938723087
0.0279386870419
0.0279386510603
0.0279386151267
0.0279385792527
0.0279385434327
0.0279385076563
0.0279384719357
0.0279384362717
0.0279384006711
0.0279383651293
0.0279383296548
0.0279382942341
0.0279382588629
0.0279382235371
0.0279381882619
0.0279381530327
0.0279381178419
0.0279380827018
0.0279380476153
0.0279380125688
0.0279379775666
0.0279379426154
0.0279379077122
0.0279378728531
0.0279378380361
0.0279378032543
0.0279377685102
0.0279377338068
0.0279376991404
0.0279376645187
0.0279376299381
0.0279375953956
0.0279375608944
0.0279375264267
0.0279374919921
0.0279374575719
0.0279374231772
0.0279373888085
0.0279373544588
0.0279373201392
0.0279372858488
0.0279372515877
0.0279372173529
0.0279371831407
0.0279371489398
0.0279371147487
0.0279370805813
0.0279370464338
0.0279370123031
0.0279369781885
0.0279369440842
0.0279369099977
0.0279368759136
0.0279368418284
0.0279368077484
0.0279367736815
0.0279367396186
0.027936705551
0.0279366714953
0.0279366374472
0.0279366034038
0.027936569359
0.0279365353122
0.0279365012718
0.027936467223
0.0279364331536
0.0279363990755
0.0279363649848
0.027936330876
0.0279362967602
0.0279362626274
0.0279362284762
0.0279361942995
0.0279361601054
0.0279361258953
0.0279360916666
0.027936057411
0.0279360231267
0.0279359888195
0.0279359544722
0.0279359200816
0.0279358856512
0.0279358511835
0.02793581669
0.0279357821655
0.0279357476049
0.027935713009
0.0279356783734
0.0279356436949
0.0279356089685
0.027935574188
0.0279355393536
0.0279355044637
0.0279354695262
0.0279354345409
0.0279353995067
0.0279353644107
0.02793532925
0.0279352940232
0.027935258739
0.0279352233939
0.0279351879869
0.0279351525083
0.0279351169588
0.0279350813372
0.0279350456438
0.0279350098795
0.0279349740366
0.0279349381101
0.0279349021083
0.027934866023
0.0279348298602
0.0279347936175
0.0279347572902
0.0279347208721
0.0279346843655
0.0279346477607
0.0279346110518
0.027934574244
0.0279345373478
0.0279345003552
0.0279344632595
0.0279344260621
0.0279343887638
0.0279343513604
0.0279343138559
0.0279342762423
0.0279342385219
0.0279342006902
0.0279341627448
0.0279341246781
0.0279340864952
0.0279340481884
0.0279340097535
0.0279339711932
0.0279339325019
0.0279338936782
0.0279338547255
0.0279338156336
0.0279337764153
0.0279337370627
0.0279336975718
0.0279336579372
0.0279336181649
0.0279335782569
0.0279335382158
0.0279334980386
0.0279334577203
0.0279334172467
0.0279333766245
0.0279333358474
0.0279332949098
0.0279332538141
0.0279332125578
0.0279331711327
0.0279331295426
0.0279330877974
0.0279330458861
0.0279330038032
0.0279329615486
0.0279329191199
0.0279328765195
