/*--------------------------------*- C++ -*----------------------------------*\
  =========                 |
  \\      /  F ield         | OpenFOAM: The Open Source CFD Toolbox
   \\    /   O peration     | Website:  https://openfoam.org
    \\  /    A nd           | Version:  7
     \\/     M anipulation  |
\*---------------------------------------------------------------------------*/
FoamFile
{
    version     2.0;
    format      ascii;
    class       labelList;
    note        "nPoints:408  nCells:150  nFaces:653  nInternalFaces:247";
    location    "constant/polyMesh";
    object      owner;
}
// * * * * * * * * * * * * * * * * * * * * * * * * * * * * * * * * * * * * * //


653
(
0
0
1
1
2
3
3
4
4
5
6
6
7
7
8
9
9
10
10
11
12
12
13
13
14
15
15
16
16
17
18
18
19
19
20
21
21
22
22
23
24
24
25
25
26
27
27
28
28
29
30
30
31
31
32
33
33
34
34
35
36
36
37
37
38
39
39
40
40
41
42
42
43
43
44
45
45
46
46
47
48
48
49
49
50
51
51
52
52
53
54
54
55
55
56
57
57
58
58
59
60
60
61
61
62
63
63
64
64
65
66
66
67
67
68
69
69
70
70
71
72
72
73
73
74
75
75
76
76
77
78
78
79
79
80
81
81
82
82
83
84
84
85
85
86
87
87
88
88
89
90
90
91
91
92
93
93
94
94
95
96
96
97
97
98
99
99
100
100
101
102
102
103
103
104
105
105
106
106
107
108
108
109
109
110
111
111
112
112
113
114
114
115
115
116
117
117
118
118
119
120
120
121
121
122
123
123
124
124
125
126
126
127
127
128
129
129
130
130
131
132
132
133
133
134
135
135
136
136
137
138
138
139
139
140
141
141
142
142
143
144
144
145
145
146
147
148
0
3
6
9
12
15
18
21
24
27
30
33
36
39
42
45
48
51
54
57
60
63
66
69
72
75
78
81
84
87
90
93
96
99
102
105
108
111
114
117
120
123
126
129
132
135
138
141
144
147
2
5
8
11
14
17
20
23
26
29
32
35
38
41
44
47
50
53
56
59
62
65
68
71
74
77
80
83
86
89
92
95
98
101
104
107
110
113
116
119
122
125
128
131
134
137
140
143
146
149
0
1
2
147
148
149
0
3
6
9
12
15
18
21
24
27
30
33
36
39
42
45
48
51
54
57
60
63
66
69
72
75
78
81
84
87
90
93
96
99
102
105
108
111
114
117
120
123
126
129
132
135
138
141
144
147
1
4
7
10
13
16
19
22
25
28
31
34
37
40
43
46
49
52
55
58
61
64
67
70
73
76
79
82
85
88
91
94
97
100
103
106
109
112
115
118
121
124
127
130
133
136
139
142
145
148
2
5
8
11
14
17
20
23
26
29
32
35
38
41
44
47
50
53
56
59
62
65
68
71
74
77
80
83
86
89
92
95
98
101
104
107
110
113
116
119
122
125
128
131
134
137
140
143
146
149
0
3
6
9
12
15
18
21
24
27
30
33
36
39
42
45
48
51
54
57
60
63
66
69
72
75
78
81
84
87
90
93
96
99
102
105
108
111
114
117
120
123
126
129
132
135
138
141
144
147
1
4
7
10
13
16
19
22
25
28
31
34
37
40
43
46
49
52
55
58
61
64
67
70
73
76
79
82
85
88
91
94
97
100
103
106
109
112
115
118
121
124
127
130
133
136
139
142
145
148
2
5
8
11
14
17
20
23
26
29
32
35
38
41
44
47
50
53
56
59
62
65
68
71
74
77
80
83
86
89
92
95
98
101
104
107
110
113
116
119
122
125
128
131
134
137
140
143
146
149
)


// ************************************************************************* //
