/*--------------------------------*- C++ -*----------------------------------*\
  =========                 |
  \\      /  F ield         | OpenFOAM: The Open Source CFD Toolbox
   \\    /   O peration     | Website:  https://openfoam.org
    \\  /    A nd           | Version:  7
     \\/     M anipulation  |
\*---------------------------------------------------------------------------*/
FoamFile
{
    version     2.0;
    format      ascii;
    class       vectorField;
    location    "constant/polyMesh";
    object      points;
}
// * * * * * * * * * * * * * * * * * * * * * * * * * * * * * * * * * * * * * //


408
(
(0 0 -1)
(316.6666667 0 -1)
(633.3333333 0 -1)
(950 0 -1)
(0 9.55931047 -1)
(316.6666667 9.55931047 -1)
(633.3333333 9.55931047 -1)
(950 9.55931047 -1)
(0 20.08118779 -1)
(316.6666667 20.08118779 -1)
(633.3333333 20.08118779 -1)
(950 20.08118779 -1)
(0 31.66255682 -1)
(316.6666667 31.66255682 -1)
(633.3333333 31.66255682 -1)
(950 31.66255682 -1)
(0 44.41010221 -1)
(316.6666667 44.41010221 -1)
(633.3333333 44.41010221 -1)
(950 44.41010221 -1)
(0 58.44125112 -1)
(316.6666667 58.44125112 -1)
(633.3333333 58.44125112 -1)
(950 58.44125112 -1)
(0 73.88525493 -1)
(316.6666667 73.88525493 -1)
(633.3333333 73.88525493 -1)
(950 73.88525493 -1)
(0 90.88437992 -1)
(316.6666667 90.88437992 -1)
(633.3333333 90.88437992 -1)
(950 90.88437992 -1)
(0 109.5952177 -1)
(316.6666667 109.5952177 -1)
(633.3333333 109.5952177 -1)
(950 109.5952177 -1)
(0 130.1901278 -1)
(316.6666667 130.1901278 -1)
(633.3333333 130.1901278 -1)
(950 130.1901278 -1)
(0 152.8588253 -1)
(316.6666667 152.8588253 -1)
(633.3333333 152.8588253 -1)
(950 152.8588253 -1)
(0 177.8101285 -1)
(316.6666667 177.8101285 -1)
(633.3333333 177.8101285 -1)
(950 177.8101285 -1)
(0 205.2738825 -1)
(316.6666667 205.2738825 -1)
(633.3333333 205.2738825 -1)
(950 205.2738825 -1)
(0 235.5030764 -1)
(316.6666667 235.5030764 -1)
(633.3333333 235.5030764 -1)
(950 235.5030764 -1)
(0 268.776174 -1)
(316.6666667 268.776174 -1)
(633.3333333 268.776174 -1)
(950 268.776174 -1)
(0 305.3996786 -1)
(316.6666667 305.3996786 -1)
(633.3333333 305.3996786 -1)
(950 305.3996786 -1)
(0 345.7109566 -1)
(316.6666667 345.7109566 -1)
(633.3333333 345.7109566 -1)
(950 345.7109566 -1)
(0 390.0813453 -1)
(316.6666667 390.0813453 -1)
(633.3333333 390.0813453 -1)
(950 390.0813453 -1)
(0 438.9195736 -1)
(316.6666667 438.9195736 -1)
(633.3333333 438.9195736 -1)
(950 438.9195736 -1)
(0 492.6755268 -1)
(316.6666667 492.6755268 -1)
(633.3333333 492.6755268 -1)
(950 492.6755268 -1)
(0 551.8443911 -1)
(316.6666667 551.8443911 -1)
(633.3333333 551.8443911 -1)
(950 551.8443911 -1)
(0 616.9712152 -1)
(316.6666667 616.9712152 -1)
(633.3333333 616.9712152 -1)
(950 616.9712152 -1)
(0 688.6559309 -1)
(316.6666667 688.6559309 -1)
(633.3333333 688.6559309 -1)
(950 688.6559309 -1)
(0 767.5588796 -1)
(316.6666667 767.5588796 -1)
(633.3333333 767.5588796 -1)
(950 767.5588796 -1)
(0 854.4068953 -1)
(316.6666667 854.4068953 -1)
(633.3333333 854.4068953 -1)
(950 854.4068953 -1)
(0 950 -1)
(316.6666667 950 -1)
(633.3333333 950 -1)
(950 950 -1)
(0 1045.593105 -1)
(316.6666667 1045.593105 -1)
(633.3333333 1045.593105 -1)
(950 1045.593105 -1)
(0 1132.44112 -1)
(316.6666667 1132.44112 -1)
(633.3333333 1132.44112 -1)
(950 1132.44112 -1)
(0 1211.344069 -1)
(316.6666667 1211.344069 -1)
(633.3333333 1211.344069 -1)
(950 1211.344069 -1)
(0 1283.028785 -1)
(316.6666667 1283.028785 -1)
(633.3333333 1283.028785 -1)
(950 1283.028785 -1)
(0 1348.155609 -1)
(316.6666667 1348.155609 -1)
(633.3333333 1348.155609 -1)
(950 1348.155609 -1)
(0 1407.324473 -1)
(316.6666667 1407.324473 -1)
(633.3333333 1407.324473 -1)
(950 1407.324473 -1)
(0 1461.080426 -1)
(316.6666667 1461.080426 -1)
(633.3333333 1461.080426 -1)
(950 1461.080426 -1)
(0 1509.918655 -1)
(316.6666667 1509.918655 -1)
(633.3333333 1509.918655 -1)
(950 1509.918655 -1)
(0 1554.289043 -1)
(316.6666667 1554.289043 -1)
(633.3333333 1554.289043 -1)
(950 1554.289043 -1)
(0 1594.600321 -1)
(316.6666667 1594.600321 -1)
(633.3333333 1594.600321 -1)
(950 1594.600321 -1)
(0 1631.223826 -1)
(316.6666667 1631.223826 -1)
(633.3333333 1631.223826 -1)
(950 1631.223826 -1)
(0 1664.496924 -1)
(316.6666667 1664.496924 -1)
(633.3333333 1664.496924 -1)
(950 1664.496924 -1)
(0 1694.726118 -1)
(316.6666667 1694.726118 -1)
(633.3333333 1694.726118 -1)
(950 1694.726118 -1)
(0 1722.189872 -1)
(316.6666667 1722.189872 -1)
(633.3333333 1722.189872 -1)
(950 1722.189872 -1)
(0 1747.141175 -1)
(316.6666667 1747.141175 -1)
(633.3333333 1747.141175 -1)
(950 1747.141175 -1)
(0 1769.809872 -1)
(316.6666667 1769.809872 -1)
(633.3333333 1769.809872 -1)
(950 1769.809872 -1)
(0 1790.404782 -1)
(316.6666667 1790.404782 -1)
(633.3333333 1790.404782 -1)
(950 1790.404782 -1)
(0 1809.11562 -1)
(316.6666667 1809.11562 -1)
(633.3333333 1809.11562 -1)
(950 1809.11562 -1)
(0 1826.114745 -1)
(316.6666667 1826.114745 -1)
(633.3333333 1826.114745 -1)
(950 1826.114745 -1)
(0 1841.558749 -1)
(316.6666667 1841.558749 -1)
(633.3333333 1841.558749 -1)
(950 1841.558749 -1)
(0 1855.589898 -1)
(316.6666667 1855.589898 -1)
(633.3333333 1855.589898 -1)
(950 1855.589898 -1)
(0 1868.337443 -1)
(316.6666667 1868.337443 -1)
(633.3333333 1868.337443 -1)
(950 1868.337443 -1)
(0 1879.918812 -1)
(316.6666667 1879.918812 -1)
(633.3333333 1879.918812 -1)
(950 1879.918812 -1)
(0 1890.44069 -1)
(316.6666667 1890.44069 -1)
(633.3333333 1890.44069 -1)
(950 1890.44069 -1)
(0 1900 -1)
(316.6666667 1900 -1)
(633.3333333 1900 -1)
(950 1900 -1)
(0 0 1)
(316.6666667 0 1)
(633.3333333 0 1)
(950 0 1)
(0 9.55931047 1)
(316.6666667 9.55931047 1)
(633.3333333 9.55931047 1)
(950 9.55931047 1)
(0 20.08118779 1)
(316.6666667 20.08118779 1)
(633.3333333 20.08118779 1)
(950 20.08118779 1)
(0 31.66255682 1)
(316.6666667 31.66255682 1)
(633.3333333 31.66255682 1)
(950 31.66255682 1)
(0 44.41010221 1)
(316.6666667 44.41010221 1)
(633.3333333 44.41010221 1)
(950 44.41010221 1)
(0 58.44125112 1)
(316.6666667 58.44125112 1)
(633.3333333 58.44125112 1)
(950 58.44125112 1)
(0 73.88525493 1)
(316.6666667 73.88525493 1)
(633.3333333 73.88525493 1)
(950 73.88525493 1)
(0 90.88437992 1)
(316.6666667 90.88437992 1)
(633.3333333 90.88437992 1)
(950 90.88437992 1)
(0 109.5952177 1)
(316.6666667 109.5952177 1)
(633.3333333 109.5952177 1)
(950 109.5952177 1)
(0 130.1901278 1)
(316.6666667 130.1901278 1)
(633.3333333 130.1901278 1)
(950 130.1901278 1)
(0 152.8588253 1)
(316.6666667 152.8588253 1)
(633.3333333 152.8588253 1)
(950 152.8588253 1)
(0 177.8101285 1)
(316.6666667 177.8101285 1)
(633.3333333 177.8101285 1)
(950 177.8101285 1)
(0 205.2738825 1)
(316.6666667 205.2738825 1)
(633.3333333 205.2738825 1)
(950 205.2738825 1)
(0 235.5030764 1)
(316.6666667 235.5030764 1)
(633.3333333 235.5030764 1)
(950 235.5030764 1)
(0 268.776174 1)
(316.6666667 268.776174 1)
(633.3333333 268.776174 1)
(950 268.776174 1)
(0 305.3996786 1)
(316.6666667 305.3996786 1)
(633.3333333 305.3996786 1)
(950 305.3996786 1)
(0 345.7109566 1)
(316.6666667 345.7109566 1)
(633.3333333 345.7109566 1)
(950 345.7109566 1)
(0 390.0813453 1)
(316.6666667 390.0813453 1)
(633.3333333 390.0813453 1)
(950 390.0813453 1)
(0 438.9195736 1)
(316.6666667 438.9195736 1)
(633.3333333 438.9195736 1)
(950 438.9195736 1)
(0 492.6755268 1)
(316.6666667 492.6755268 1)
(633.3333333 492.6755268 1)
(950 492.6755268 1)
(0 551.8443911 1)
(316.6666667 551.8443911 1)
(633.3333333 551.8443911 1)
(950 551.8443911 1)
(0 616.9712152 1)
(316.6666667 616.9712152 1)
(633.3333333 616.9712152 1)
(950 616.9712152 1)
(0 688.6559309 1)
(316.6666667 688.6559309 1)
(633.3333333 688.6559309 1)
(950 688.6559309 1)
(0 767.5588796 1)
(316.6666667 767.5588796 1)
(633.3333333 767.5588796 1)
(950 767.5588796 1)
(0 854.4068953 1)
(316.6666667 854.4068953 1)
(633.3333333 854.4068953 1)
(950 854.4068953 1)
(0 950 1)
(316.6666667 950 1)
(633.3333333 950 1)
(950 950 1)
(0 1045.593105 1)
(316.6666667 1045.593105 1)
(633.3333333 1045.593105 1)
(950 1045.593105 1)
(0 1132.44112 1)
(316.6666667 1132.44112 1)
(633.3333333 1132.44112 1)
(950 1132.44112 1)
(0 1211.344069 1)
(316.6666667 1211.344069 1)
(633.3333333 1211.344069 1)
(950 1211.344069 1)
(0 1283.028785 1)
(316.6666667 1283.028785 1)
(633.3333333 1283.028785 1)
(950 1283.028785 1)
(0 1348.155609 1)
(316.6666667 1348.155609 1)
(633.3333333 1348.155609 1)
(950 1348.155609 1)
(0 1407.324473 1)
(316.6666667 1407.324473 1)
(633.3333333 1407.324473 1)
(950 1407.324473 1)
(0 1461.080426 1)
(316.6666667 1461.080426 1)
(633.3333333 1461.080426 1)
(950 1461.080426 1)
(0 1509.918655 1)
(316.6666667 1509.918655 1)
(633.3333333 1509.918655 1)
(950 1509.918655 1)
(0 1554.289043 1)
(316.6666667 1554.289043 1)
(633.3333333 1554.289043 1)
(950 1554.289043 1)
(0 1594.600321 1)
(316.6666667 1594.600321 1)
(633.3333333 1594.600321 1)
(950 1594.600321 1)
(0 1631.223826 1)
(316.6666667 1631.223826 1)
(633.3333333 1631.223826 1)
(950 1631.223826 1)
(0 1664.496924 1)
(316.6666667 1664.496924 1)
(633.3333333 1664.496924 1)
(950 1664.496924 1)
(0 1694.726118 1)
(316.6666667 1694.726118 1)
(633.3333333 1694.726118 1)
(950 1694.726118 1)
(0 1722.189872 1)
(316.6666667 1722.189872 1)
(633.3333333 1722.189872 1)
(950 1722.189872 1)
(0 1747.141175 1)
(316.6666667 1747.141175 1)
(633.3333333 1747.141175 1)
(950 1747.141175 1)
(0 1769.809872 1)
(316.6666667 1769.809872 1)
(633.3333333 1769.809872 1)
(950 1769.809872 1)
(0 1790.404782 1)
(316.6666667 1790.404782 1)
(633.3333333 1790.404782 1)
(950 1790.404782 1)
(0 1809.11562 1)
(316.6666667 1809.11562 1)
(633.3333333 1809.11562 1)
(950 1809.11562 1)
(0 1826.114745 1)
(316.6666667 1826.114745 1)
(633.3333333 1826.114745 1)
(950 1826.114745 1)
(0 1841.558749 1)
(316.6666667 1841.558749 1)
(633.3333333 1841.558749 1)
(950 1841.558749 1)
(0 1855.589898 1)
(316.6666667 1855.589898 1)
(633.3333333 1855.589898 1)
(950 1855.589898 1)
(0 1868.337443 1)
(316.6666667 1868.337443 1)
(633.3333333 1868.337443 1)
(950 1868.337443 1)
(0 1879.918812 1)
(316.6666667 1879.918812 1)
(633.3333333 1879.918812 1)
(950 1879.918812 1)
(0 1890.44069 1)
(316.6666667 1890.44069 1)
(633.3333333 1890.44069 1)
(950 1890.44069 1)
(0 1900 1)
(316.6666667 1900 1)
(633.3333333 1900 1)
(950 1900 1)
)


// ************************************************************************* //
