/*--------------------------------*- C++ -*----------------------------------*\
  =========                 |
  \\      /  F ield         | OpenFOAM: The Open Source CFD Toolbox
   \\    /   O peration     | Website:  https://openfoam.org
    \\  /    A nd           | Version:  7
     \\/     M anipulation  |
\*---------------------------------------------------------------------------*/
FoamFile
{
    version     2.0;
    format      ascii;
    class       faceList;
    location    "constant/polyMesh";
    object      faces;
}
// * * * * * * * * * * * * * * * * * * * * * * * * * * * * * * * * * * * * * //


812
(
4(1 4 277 274)
4(3 276 277 4)
4(4 277 278 5)
4(4 7 280 277)
4(6 279 280 7)
4(7 280 281 8)
4(7 10 283 280)
4(9 282 283 10)
4(10 283 284 11)
4(10 13 286 283)
4(12 285 286 13)
4(13 286 287 14)
4(13 16 289 286)
4(15 288 289 16)
4(16 289 290 17)
4(16 19 292 289)
4(18 291 292 19)
4(19 292 293 20)
4(19 22 295 292)
4(21 294 295 22)
4(22 295 296 23)
4(22 25 298 295)
4(24 297 298 25)
4(25 298 299 26)
4(25 28 301 298)
4(27 300 301 28)
4(28 301 302 29)
4(28 31 304 301)
4(30 303 304 31)
4(31 304 305 32)
4(31 34 307 304)
4(33 306 307 34)
4(34 307 308 35)
4(34 37 310 307)
4(36 309 310 37)
4(37 310 311 38)
4(37 40 313 310)
4(39 312 313 40)
4(40 313 314 41)
4(40 43 316 313)
4(42 315 316 43)
4(43 316 317 44)
4(43 46 319 316)
4(45 318 319 46)
4(46 319 320 47)
4(46 49 322 319)
4(48 321 322 49)
4(49 322 323 50)
4(49 52 325 322)
4(51 324 325 52)
4(52 325 326 53)
4(52 55 328 325)
4(54 327 328 55)
4(55 328 329 56)
4(55 58 331 328)
4(57 330 331 58)
4(58 331 332 59)
4(58 61 334 331)
4(60 333 334 61)
4(61 334 335 62)
4(61 64 337 334)
4(63 336 337 64)
4(64 337 338 65)
4(64 67 340 337)
4(66 339 340 67)
4(67 340 341 68)
4(67 70 343 340)
4(69 342 343 70)
4(70 343 344 71)
4(70 73 346 343)
4(72 345 346 73)
4(73 346 347 74)
4(73 76 349 346)
4(75 348 349 76)
4(76 349 350 77)
4(76 79 352 349)
4(78 351 352 79)
4(79 352 353 80)
4(79 82 355 352)
4(81 354 355 82)
4(82 355 356 83)
4(82 85 358 355)
4(84 357 358 85)
4(85 358 359 86)
4(85 88 361 358)
4(87 360 361 88)
4(88 361 362 89)
4(88 91 364 361)
4(90 363 364 91)
4(91 364 365 92)
4(91 94 367 364)
4(93 366 367 94)
4(94 367 368 95)
4(94 97 370 367)
4(96 369 370 97)
4(97 370 371 98)
4(97 100 373 370)
4(99 372 373 100)
4(100 373 374 101)
4(100 103 376 373)
4(102 375 376 103)
4(103 376 377 104)
4(103 106 379 376)
4(105 378 379 106)
4(106 379 380 107)
4(106 109 382 379)
4(108 381 382 109)
4(109 382 383 110)
4(109 112 385 382)
4(111 384 385 112)
4(112 385 386 113)
4(112 115 388 385)
4(114 387 388 115)
4(115 388 389 116)
4(115 118 391 388)
4(117 390 391 118)
4(118 391 392 119)
4(118 121 394 391)
4(120 393 394 121)
4(121 394 395 122)
4(121 124 397 394)
4(123 396 397 124)
4(124 397 398 125)
4(124 127 400 397)
4(126 399 400 127)
4(127 400 401 128)
4(127 130 403 400)
4(129 402 403 130)
4(130 403 404 131)
4(130 133 406 403)
4(132 405 406 133)
4(133 406 407 134)
4(133 136 409 406)
4(135 408 409 136)
4(136 409 410 137)
4(136 139 412 409)
4(138 411 412 139)
4(139 412 413 140)
4(139 142 415 412)
4(141 414 415 142)
4(142 415 416 143)
4(142 145 418 415)
4(144 417 418 145)
4(145 418 419 146)
4(145 148 421 418)
4(147 420 421 148)
4(148 421 422 149)
4(148 151 424 421)
4(150 423 424 151)
4(151 424 425 152)
4(151 154 427 424)
4(153 426 427 154)
4(154 427 428 155)
4(154 157 430 427)
4(156 429 430 157)
4(157 430 431 158)
4(157 160 433 430)
4(159 432 433 160)
4(160 433 434 161)
4(160 163 436 433)
4(162 435 436 163)
4(163 436 437 164)
4(163 166 439 436)
4(165 438 439 166)
4(166 439 440 167)
4(166 169 442 439)
4(168 441 442 169)
4(169 442 443 170)
4(169 172 445 442)
4(171 444 445 172)
4(172 445 446 173)
4(172 175 448 445)
4(174 447 448 175)
4(175 448 449 176)
4(175 178 451 448)
4(177 450 451 178)
4(178 451 452 179)
4(178 181 454 451)
4(180 453 454 181)
4(181 454 455 182)
4(181 184 457 454)
4(183 456 457 184)
4(184 457 458 185)
4(184 187 460 457)
4(186 459 460 187)
4(187 460 461 188)
4(187 190 463 460)
4(189 462 463 190)
4(190 463 464 191)
4(190 193 466 463)
4(192 465 466 193)
4(193 466 467 194)
4(193 196 469 466)
4(195 468 469 196)
4(196 469 470 197)
4(196 199 472 469)
4(198 471 472 199)
4(199 472 473 200)
4(199 202 475 472)
4(201 474 475 202)
4(202 475 476 203)
4(202 205 478 475)
4(204 477 478 205)
4(205 478 479 206)
4(205 208 481 478)
4(207 480 481 208)
4(208 481 482 209)
4(208 211 484 481)
4(210 483 484 211)
4(211 484 485 212)
4(211 214 487 484)
4(213 486 487 214)
4(214 487 488 215)
4(214 217 490 487)
4(216 489 490 217)
4(217 490 491 218)
4(217 220 493 490)
4(219 492 493 220)
4(220 493 494 221)
4(220 223 496 493)
4(222 495 496 223)
4(223 496 497 224)
4(223 226 499 496)
4(225 498 499 226)
4(226 499 500 227)
4(226 229 502 499)
4(228 501 502 229)
4(229 502 503 230)
4(229 232 505 502)
4(231 504 505 232)
4(232 505 506 233)
4(232 235 508 505)
4(234 507 508 235)
4(235 508 509 236)
4(235 238 511 508)
4(237 510 511 238)
4(238 511 512 239)
4(238 241 514 511)
4(240 513 514 241)
4(241 514 515 242)
4(241 244 517 514)
4(243 516 517 244)
4(244 517 518 245)
4(244 247 520 517)
4(246 519 520 247)
4(247 520 521 248)
4(247 250 523 520)
4(249 522 523 250)
4(250 523 524 251)
4(250 253 526 523)
4(252 525 526 253)
4(253 526 527 254)
4(253 256 529 526)
4(255 528 529 256)
4(256 529 530 257)
4(256 259 532 529)
4(258 531 532 259)
4(259 532 533 260)
4(259 262 535 532)
4(261 534 535 262)
4(262 535 536 263)
4(262 265 538 535)
4(264 537 538 265)
4(265 538 539 266)
4(265 268 541 538)
4(267 540 541 268)
4(268 541 542 269)
4(268 271 544 541)
4(0 273 276 3)
4(3 276 279 6)
4(6 279 282 9)
4(9 282 285 12)
4(12 285 288 15)
4(15 288 291 18)
4(18 291 294 21)
4(21 294 297 24)
4(24 297 300 27)
4(27 300 303 30)
4(30 303 306 33)
4(33 306 309 36)
4(36 309 312 39)
4(39 312 315 42)
4(42 315 318 45)
4(45 318 321 48)
4(48 321 324 51)
4(51 324 327 54)
4(54 327 330 57)
4(57 330 333 60)
4(60 333 336 63)
4(63 336 339 66)
4(66 339 342 69)
4(69 342 345 72)
4(72 345 348 75)
4(75 348 351 78)
4(78 351 354 81)
4(81 354 357 84)
4(84 357 360 87)
4(87 360 363 90)
4(90 363 366 93)
4(93 366 369 96)
4(96 369 372 99)
4(99 372 375 102)
4(102 375 378 105)
4(105 378 381 108)
4(108 381 384 111)
4(111 384 387 114)
4(114 387 390 117)
4(117 390 393 120)
4(120 393 396 123)
4(123 396 399 126)
4(126 399 402 129)
4(129 402 405 132)
4(132 405 408 135)
4(135 408 411 138)
4(138 411 414 141)
4(141 414 417 144)
4(144 417 420 147)
4(147 420 423 150)
4(150 423 426 153)
4(153 426 429 156)
4(156 429 432 159)
4(159 432 435 162)
4(162 435 438 165)
4(165 438 441 168)
4(168 441 444 171)
4(171 444 447 174)
4(174 447 450 177)
4(177 450 453 180)
4(180 453 456 183)
4(183 456 459 186)
4(186 459 462 189)
4(189 462 465 192)
4(192 465 468 195)
4(195 468 471 198)
4(198 471 474 201)
4(201 474 477 204)
4(204 477 480 207)
4(207 480 483 210)
4(210 483 486 213)
4(213 486 489 216)
4(216 489 492 219)
4(219 492 495 222)
4(222 495 498 225)
4(225 498 501 228)
4(228 501 504 231)
4(231 504 507 234)
4(234 507 510 237)
4(237 510 513 240)
4(240 513 516 243)
4(243 516 519 246)
4(246 519 522 249)
4(249 522 525 252)
4(252 525 528 255)
4(255 528 531 258)
4(258 531 534 261)
4(261 534 537 264)
4(264 537 540 267)
4(267 540 543 270)
4(2 5 278 275)
4(5 8 281 278)
4(8 11 284 281)
4(11 14 287 284)
4(14 17 290 287)
4(17 20 293 290)
4(20 23 296 293)
4(23 26 299 296)
4(26 29 302 299)
4(29 32 305 302)
4(32 35 308 305)
4(35 38 311 308)
4(38 41 314 311)
4(41 44 317 314)
4(44 47 320 317)
4(47 50 323 320)
4(50 53 326 323)
4(53 56 329 326)
4(56 59 332 329)
4(59 62 335 332)
4(62 65 338 335)
4(65 68 341 338)
4(68 71 344 341)
4(71 74 347 344)
4(74 77 350 347)
4(77 80 353 350)
4(80 83 356 353)
4(83 86 359 356)
4(86 89 362 359)
4(89 92 365 362)
4(92 95 368 365)
4(95 98 371 368)
4(98 101 374 371)
4(101 104 377 374)
4(104 107 380 377)
4(107 110 383 380)
4(110 113 386 383)
4(113 116 389 386)
4(116 119 392 389)
4(119 122 395 392)
4(122 125 398 395)
4(125 128 401 398)
4(128 131 404 401)
4(131 134 407 404)
4(134 137 410 407)
4(137 140 413 410)
4(140 143 416 413)
4(143 146 419 416)
4(146 149 422 419)
4(149 152 425 422)
4(152 155 428 425)
4(155 158 431 428)
4(158 161 434 431)
4(161 164 437 434)
4(164 167 440 437)
4(167 170 443 440)
4(170 173 446 443)
4(173 176 449 446)
4(176 179 452 449)
4(179 182 455 452)
4(182 185 458 455)
4(185 188 461 458)
4(188 191 464 461)
4(191 194 467 464)
4(194 197 470 467)
4(197 200 473 470)
4(200 203 476 473)
4(203 206 479 476)
4(206 209 482 479)
4(209 212 485 482)
4(212 215 488 485)
4(215 218 491 488)
4(218 221 494 491)
4(221 224 497 494)
4(224 227 500 497)
4(227 230 503 500)
4(230 233 506 503)
4(233 236 509 506)
4(236 239 512 509)
4(239 242 515 512)
4(242 245 518 515)
4(245 248 521 518)
4(248 251 524 521)
4(251 254 527 524)
4(254 257 530 527)
4(257 260 533 530)
4(260 263 536 533)
4(263 266 539 536)
4(266 269 542 539)
4(269 272 545 542)
4(270 543 544 271)
4(271 544 545 272)
4(0 1 274 273)
4(1 2 275 274)
4(0 3 4 1)
4(3 6 7 4)
4(6 9 10 7)
4(9 12 13 10)
4(12 15 16 13)
4(15 18 19 16)
4(18 21 22 19)
4(21 24 25 22)
4(24 27 28 25)
4(27 30 31 28)
4(30 33 34 31)
4(33 36 37 34)
4(36 39 40 37)
4(39 42 43 40)
4(42 45 46 43)
4(45 48 49 46)
4(48 51 52 49)
4(51 54 55 52)
4(54 57 58 55)
4(57 60 61 58)
4(60 63 64 61)
4(63 66 67 64)
4(66 69 70 67)
4(69 72 73 70)
4(72 75 76 73)
4(75 78 79 76)
4(78 81 82 79)
4(81 84 85 82)
4(84 87 88 85)
4(87 90 91 88)
4(90 93 94 91)
4(93 96 97 94)
4(96 99 100 97)
4(99 102 103 100)
4(102 105 106 103)
4(105 108 109 106)
4(108 111 112 109)
4(111 114 115 112)
4(114 117 118 115)
4(117 120 121 118)
4(120 123 124 121)
4(123 126 127 124)
4(126 129 130 127)
4(129 132 133 130)
4(132 135 136 133)
4(135 138 139 136)
4(138 141 142 139)
4(141 144 145 142)
4(144 147 148 145)
4(147 150 151 148)
4(150 153 154 151)
4(153 156 157 154)
4(156 159 160 157)
4(159 162 163 160)
4(162 165 166 163)
4(165 168 169 166)
4(168 171 172 169)
4(171 174 175 172)
4(174 177 178 175)
4(177 180 181 178)
4(180 183 184 181)
4(183 186 187 184)
4(186 189 190 187)
4(189 192 193 190)
4(192 195 196 193)
4(195 198 199 196)
4(198 201 202 199)
4(201 204 205 202)
4(204 207 208 205)
4(207 210 211 208)
4(210 213 214 211)
4(213 216 217 214)
4(216 219 220 217)
4(219 222 223 220)
4(222 225 226 223)
4(225 228 229 226)
4(228 231 232 229)
4(231 234 235 232)
4(234 237 238 235)
4(237 240 241 238)
4(240 243 244 241)
4(243 246 247 244)
4(246 249 250 247)
4(249 252 253 250)
4(252 255 256 253)
4(255 258 259 256)
4(258 261 262 259)
4(261 264 265 262)
4(264 267 268 265)
4(267 270 271 268)
4(1 4 5 2)
4(4 7 8 5)
4(7 10 11 8)
4(10 13 14 11)
4(13 16 17 14)
4(16 19 20 17)
4(19 22 23 20)
4(22 25 26 23)
4(25 28 29 26)
4(28 31 32 29)
4(31 34 35 32)
4(34 37 38 35)
4(37 40 41 38)
4(40 43 44 41)
4(43 46 47 44)
4(46 49 50 47)
4(49 52 53 50)
4(52 55 56 53)
4(55 58 59 56)
4(58 61 62 59)
4(61 64 65 62)
4(64 67 68 65)
4(67 70 71 68)
4(70 73 74 71)
4(73 76 77 74)
4(76 79 80 77)
4(79 82 83 80)
4(82 85 86 83)
4(85 88 89 86)
4(88 91 92 89)
4(91 94 95 92)
4(94 97 98 95)
4(97 100 101 98)
4(100 103 104 101)
4(103 106 107 104)
4(106 109 110 107)
4(109 112 113 110)
4(112 115 116 113)
4(115 118 119 116)
4(118 121 122 119)
4(121 124 125 122)
4(124 127 128 125)
4(127 130 131 128)
4(130 133 134 131)
4(133 136 137 134)
4(136 139 140 137)
4(139 142 143 140)
4(142 145 146 143)
4(145 148 149 146)
4(148 151 152 149)
4(151 154 155 152)
4(154 157 158 155)
4(157 160 161 158)
4(160 163 164 161)
4(163 166 167 164)
4(166 169 170 167)
4(169 172 173 170)
4(172 175 176 173)
4(175 178 179 176)
4(178 181 182 179)
4(181 184 185 182)
4(184 187 188 185)
4(187 190 191 188)
4(190 193 194 191)
4(193 196 197 194)
4(196 199 200 197)
4(199 202 203 200)
4(202 205 206 203)
4(205 208 209 206)
4(208 211 212 209)
4(211 214 215 212)
4(214 217 218 215)
4(217 220 221 218)
4(220 223 224 221)
4(223 226 227 224)
4(226 229 230 227)
4(229 232 233 230)
4(232 235 236 233)
4(235 238 239 236)
4(238 241 242 239)
4(241 244 245 242)
4(244 247 248 245)
4(247 250 251 248)
4(250 253 254 251)
4(253 256 257 254)
4(256 259 260 257)
4(259 262 263 260)
4(262 265 266 263)
4(265 268 269 266)
4(268 271 272 269)
4(273 274 277 276)
4(276 277 280 279)
4(279 280 283 282)
4(282 283 286 285)
4(285 286 289 288)
4(288 289 292 291)
4(291 292 295 294)
4(294 295 298 297)
4(297 298 301 300)
4(300 301 304 303)
4(303 304 307 306)
4(306 307 310 309)
4(309 310 313 312)
4(312 313 316 315)
4(315 316 319 318)
4(318 319 322 321)
4(321 322 325 324)
4(324 325 328 327)
4(327 328 331 330)
4(330 331 334 333)
4(333 334 337 336)
4(336 337 340 339)
4(339 340 343 342)
4(342 343 346 345)
4(345 346 349 348)
4(348 349 352 351)
4(351 352 355 354)
4(354 355 358 357)
4(357 358 361 360)
4(360 361 364 363)
4(363 364 367 366)
4(366 367 370 369)
4(369 370 373 372)
4(372 373 376 375)
4(375 376 379 378)
4(378 379 382 381)
4(381 382 385 384)
4(384 385 388 387)
4(387 388 391 390)
4(390 391 394 393)
4(393 394 397 396)
4(396 397 400 399)
4(399 400 403 402)
4(402 403 406 405)
4(405 406 409 408)
4(408 409 412 411)
4(411 412 415 414)
4(414 415 418 417)
4(417 418 421 420)
4(420 421 424 423)
4(423 424 427 426)
4(426 427 430 429)
4(429 430 433 432)
4(432 433 436 435)
4(435 436 439 438)
4(438 439 442 441)
4(441 442 445 444)
4(444 445 448 447)
4(447 448 451 450)
4(450 451 454 453)
4(453 454 457 456)
4(456 457 460 459)
4(459 460 463 462)
4(462 463 466 465)
4(465 466 469 468)
4(468 469 472 471)
4(471 472 475 474)
4(474 475 478 477)
4(477 478 481 480)
4(480 481 484 483)
4(483 484 487 486)
4(486 487 490 489)
4(489 490 493 492)
4(492 493 496 495)
4(495 496 499 498)
4(498 499 502 501)
4(501 502 505 504)
4(504 505 508 507)
4(507 508 511 510)
4(510 511 514 513)
4(513 514 517 516)
4(516 517 520 519)
4(519 520 523 522)
4(522 523 526 525)
4(525 526 529 528)
4(528 529 532 531)
4(531 532 535 534)
4(534 535 538 537)
4(537 538 541 540)
4(540 541 544 543)
4(274 275 278 277)
4(277 278 281 280)
4(280 281 284 283)
4(283 284 287 286)
4(286 287 290 289)
4(289 290 293 292)
4(292 293 296 295)
4(295 296 299 298)
4(298 299 302 301)
4(301 302 305 304)
4(304 305 308 307)
4(307 308 311 310)
4(310 311 314 313)
4(313 314 317 316)
4(316 317 320 319)
4(319 320 323 322)
4(322 323 326 325)
4(325 326 329 328)
4(328 329 332 331)
4(331 332 335 334)
4(334 335 338 337)
4(337 338 341 340)
4(340 341 344 343)
4(343 344 347 346)
4(346 347 350 349)
4(349 350 353 352)
4(352 353 356 355)
4(355 356 359 358)
4(358 359 362 361)
4(361 362 365 364)
4(364 365 368 367)
4(367 368 371 370)
4(370 371 374 373)
4(373 374 377 376)
4(376 377 380 379)
4(379 380 383 382)
4(382 383 386 385)
4(385 386 389 388)
4(388 389 392 391)
4(391 392 395 394)
4(394 395 398 397)
4(397 398 401 400)
4(400 401 404 403)
4(403 404 407 406)
4(406 407 410 409)
4(409 410 413 412)
4(412 413 416 415)
4(415 416 419 418)
4(418 419 422 421)
4(421 422 425 424)
4(424 425 428 427)
4(427 428 431 430)
4(430 431 434 433)
4(433 434 437 436)
4(436 437 440 439)
4(439 440 443 442)
4(442 443 446 445)
4(445 446 449 448)
4(448 449 452 451)
4(451 452 455 454)
4(454 455 458 457)
4(457 458 461 460)
4(460 461 464 463)
4(463 464 467 466)
4(466 467 470 469)
4(469 470 473 472)
4(472 473 476 475)
4(475 476 479 478)
4(478 479 482 481)
4(481 482 485 484)
4(484 485 488 487)
4(487 488 491 490)
4(490 491 494 493)
4(493 494 497 496)
4(496 497 500 499)
4(499 500 503 502)
4(502 503 506 505)
4(505 506 509 508)
4(508 509 512 511)
4(511 512 515 514)
4(514 515 518 517)
4(517 518 521 520)
4(520 521 524 523)
4(523 524 527 526)
4(526 527 530 529)
4(529 530 533 532)
4(532 533 536 535)
4(535 536 539 538)
4(538 539 542 541)
4(541 542 545 544)
)


// ************************************************************************* //
