/*--------------------------------*- C++ -*----------------------------------*\
  =========                 |
  \\      /  F ield         | OpenFOAM: The Open Source CFD Toolbox
   \\    /   O peration     | Website:  https://openfoam.org
    \\  /    A nd           | Version:  7
     \\/     M anipulation  |
\*---------------------------------------------------------------------------*/
FoamFile
{
    version     2.0;
    format      ascii;
    class       labelList;
    note        "nPoints:546  nCells:180  nFaces:812  nInternalFaces:268";
    location    "constant/polyMesh";
    object      owner;
}
// * * * * * * * * * * * * * * * * * * * * * * * * * * * * * * * * * * * * * //


812
(
0
0
1
2
2
3
4
4
5
6
6
7
8
8
9
10
10
11
12
12
13
14
14
15
16
16
17
18
18
19
20
20
21
22
22
23
24
24
25
26
26
27
28
28
29
30
30
31
32
32
33
34
34
35
36
36
37
38
38
39
40
40
41
42
42
43
44
44
45
46
46
47
48
48
49
50
50
51
52
52
53
54
54
55
56
56
57
58
58
59
60
60
61
62
62
63
64
64
65
66
66
67
68
68
69
70
70
71
72
72
73
74
74
75
76
76
77
78
78
79
80
80
81
82
82
83
84
84
85
86
86
87
88
88
89
90
90
91
92
92
93
94
94
95
96
96
97
98
98
99
100
100
101
102
102
103
104
104
105
106
106
107
108
108
109
110
110
111
112
112
113
114
114
115
116
116
117
118
118
119
120
120
121
122
122
123
124
124
125
126
126
127
128
128
129
130
130
131
132
132
133
134
134
135
136
136
137
138
138
139
140
140
141
142
142
143
144
144
145
146
146
147
148
148
149
150
150
151
152
152
153
154
154
155
156
156
157
158
158
159
160
160
161
162
162
163
164
164
165
166
166
167
168
168
169
170
170
171
172
172
173
174
174
175
176
176
177
178
0
2
4
6
8
10
12
14
16
18
20
22
24
26
28
30
32
34
36
38
40
42
44
46
48
50
52
54
56
58
60
62
64
66
68
70
72
74
76
78
80
82
84
86
88
90
92
94
96
98
100
102
104
106
108
110
112
114
116
118
120
122
124
126
128
130
132
134
136
138
140
142
144
146
148
150
152
154
156
158
160
162
164
166
168
170
172
174
176
178
1
3
5
7
9
11
13
15
17
19
21
23
25
27
29
31
33
35
37
39
41
43
45
47
49
51
53
55
57
59
61
63
65
67
69
71
73
75
77
79
81
83
85
87
89
91
93
95
97
99
101
103
105
107
109
111
113
115
117
119
121
123
125
127
129
131
133
135
137
139
141
143
145
147
149
151
153
155
157
159
161
163
165
167
169
171
173
175
177
179
178
179
0
1
0
2
4
6
8
10
12
14
16
18
20
22
24
26
28
30
32
34
36
38
40
42
44
46
48
50
52
54
56
58
60
62
64
66
68
70
72
74
76
78
80
82
84
86
88
90
92
94
96
98
100
102
104
106
108
110
112
114
116
118
120
122
124
126
128
130
132
134
136
138
140
142
144
146
148
150
152
154
156
158
160
162
164
166
168
170
172
174
176
178
1
3
5
7
9
11
13
15
17
19
21
23
25
27
29
31
33
35
37
39
41
43
45
47
49
51
53
55
57
59
61
63
65
67
69
71
73
75
77
79
81
83
85
87
89
91
93
95
97
99
101
103
105
107
109
111
113
115
117
119
121
123
125
127
129
131
133
135
137
139
141
143
145
147
149
151
153
155
157
159
161
163
165
167
169
171
173
175
177
179
0
2
4
6
8
10
12
14
16
18
20
22
24
26
28
30
32
34
36
38
40
42
44
46
48
50
52
54
56
58
60
62
64
66
68
70
72
74
76
78
80
82
84
86
88
90
92
94
96
98
100
102
104
106
108
110
112
114
116
118
120
122
124
126
128
130
132
134
136
138
140
142
144
146
148
150
152
154
156
158
160
162
164
166
168
170
172
174
176
178
1
3
5
7
9
11
13
15
17
19
21
23
25
27
29
31
33
35
37
39
41
43
45
47
49
51
53
55
57
59
61
63
65
67
69
71
73
75
77
79
81
83
85
87
89
91
93
95
97
99
101
103
105
107
109
111
113
115
117
119
121
123
125
127
129
131
133
135
137
139
141
143
145
147
149
151
153
155
157
159
161
163
165
167
169
171
173
175
177
179
)


// ************************************************************************* //
