/*--------------------------------*- C++ -*----------------------------------*\
  =========                 |
  \\      /  F ield         | OpenFOAM: The Open Source CFD Toolbox
   \\    /   O peration     | Website:  https://openfoam.org
    \\  /    A nd           | Version:  7
     \\/     M anipulation  |
\*---------------------------------------------------------------------------*/
FoamFile
{
    version     2.0;
    format      ascii;
    class       vectorField;
    location    "constant/polyMesh";
    object      points;
}
// * * * * * * * * * * * * * * * * * * * * * * * * * * * * * * * * * * * * * //


546
(
(0 0 -0.5)
(0.5 0 -0.5)
(1 0 -0.5)
(0 0.001111111111 -0.5)
(0.5 0.001111111111 -0.5)
(1 0.001111111111 -0.5)
(0 0.002222222222 -0.5)
(0.5 0.002222222222 -0.5)
(1 0.002222222222 -0.5)
(0 0.003333333333 -0.5)
(0.5 0.003333333333 -0.5)
(1 0.003333333333 -0.5)
(0 0.004444444444 -0.5)
(0.5 0.004444444444 -0.5)
(1 0.004444444444 -0.5)
(0 0.005555555556 -0.5)
(0.5 0.005555555556 -0.5)
(1 0.005555555556 -0.5)
(0 0.006666666667 -0.5)
(0.5 0.006666666667 -0.5)
(1 0.006666666667 -0.5)
(0 0.007777777778 -0.5)
(0.5 0.007777777778 -0.5)
(1 0.007777777778 -0.5)
(0 0.008888888889 -0.5)
(0.5 0.008888888889 -0.5)
(1 0.008888888889 -0.5)
(0 0.01 -0.5)
(0.5 0.01 -0.5)
(1 0.01 -0.5)
(0 0.01111111111 -0.5)
(0.5 0.01111111111 -0.5)
(1 0.01111111111 -0.5)
(0 0.01222222222 -0.5)
(0.5 0.01222222222 -0.5)
(1 0.01222222222 -0.5)
(0 0.01333333333 -0.5)
(0.5 0.01333333333 -0.5)
(1 0.01333333333 -0.5)
(0 0.01444444444 -0.5)
(0.5 0.01444444444 -0.5)
(1 0.01444444444 -0.5)
(0 0.01555555556 -0.5)
(0.5 0.01555555556 -0.5)
(1 0.01555555556 -0.5)
(0 0.01666666667 -0.5)
(0.5 0.01666666667 -0.5)
(1 0.01666666667 -0.5)
(0 0.01777777778 -0.5)
(0.5 0.01777777778 -0.5)
(1 0.01777777778 -0.5)
(0 0.01888888889 -0.5)
(0.5 0.01888888889 -0.5)
(1 0.01888888889 -0.5)
(0 0.02 -0.5)
(0.5 0.02 -0.5)
(1 0.02 -0.5)
(0 0.02111111111 -0.5)
(0.5 0.02111111111 -0.5)
(1 0.02111111111 -0.5)
(0 0.02222222222 -0.5)
(0.5 0.02222222222 -0.5)
(1 0.02222222222 -0.5)
(0 0.02333333333 -0.5)
(0.5 0.02333333333 -0.5)
(1 0.02333333333 -0.5)
(0 0.02444444444 -0.5)
(0.5 0.02444444444 -0.5)
(1 0.02444444444 -0.5)
(0 0.02555555556 -0.5)
(0.5 0.02555555556 -0.5)
(1 0.02555555556 -0.5)
(0 0.02666666667 -0.5)
(0.5 0.02666666667 -0.5)
(1 0.02666666667 -0.5)
(0 0.02777777778 -0.5)
(0.5 0.02777777778 -0.5)
(1 0.02777777778 -0.5)
(0 0.02888888889 -0.5)
(0.5 0.02888888889 -0.5)
(1 0.02888888889 -0.5)
(0 0.03 -0.5)
(0.5 0.03 -0.5)
(1 0.03 -0.5)
(0 0.03111111111 -0.5)
(0.5 0.03111111111 -0.5)
(1 0.03111111111 -0.5)
(0 0.03222222222 -0.5)
(0.5 0.03222222222 -0.5)
(1 0.03222222222 -0.5)
(0 0.03333333333 -0.5)
(0.5 0.03333333333 -0.5)
(1 0.03333333333 -0.5)
(0 0.03444444444 -0.5)
(0.5 0.03444444444 -0.5)
(1 0.03444444444 -0.5)
(0 0.03555555556 -0.5)
(0.5 0.03555555556 -0.5)
(1 0.03555555556 -0.5)
(0 0.03666666667 -0.5)
(0.5 0.03666666667 -0.5)
(1 0.03666666667 -0.5)
(0 0.03777777778 -0.5)
(0.5 0.03777777778 -0.5)
(1 0.03777777778 -0.5)
(0 0.03888888889 -0.5)
(0.5 0.03888888889 -0.5)
(1 0.03888888889 -0.5)
(0 0.04 -0.5)
(0.5 0.04 -0.5)
(1 0.04 -0.5)
(0 0.04111111111 -0.5)
(0.5 0.04111111111 -0.5)
(1 0.04111111111 -0.5)
(0 0.04222222222 -0.5)
(0.5 0.04222222222 -0.5)
(1 0.04222222222 -0.5)
(0 0.04333333333 -0.5)
(0.5 0.04333333333 -0.5)
(1 0.04333333333 -0.5)
(0 0.04444444444 -0.5)
(0.5 0.04444444444 -0.5)
(1 0.04444444444 -0.5)
(0 0.04555555556 -0.5)
(0.5 0.04555555556 -0.5)
(1 0.04555555556 -0.5)
(0 0.04666666667 -0.5)
(0.5 0.04666666667 -0.5)
(1 0.04666666667 -0.5)
(0 0.04777777778 -0.5)
(0.5 0.04777777778 -0.5)
(1 0.04777777778 -0.5)
(0 0.04888888889 -0.5)
(0.5 0.04888888889 -0.5)
(1 0.04888888889 -0.5)
(0 0.05 -0.5)
(0.5 0.05 -0.5)
(1 0.05 -0.5)
(0 0.05111111111 -0.5)
(0.5 0.05111111111 -0.5)
(1 0.05111111111 -0.5)
(0 0.05222222222 -0.5)
(0.5 0.05222222222 -0.5)
(1 0.05222222222 -0.5)
(0 0.05333333333 -0.5)
(0.5 0.05333333333 -0.5)
(1 0.05333333333 -0.5)
(0 0.05444444444 -0.5)
(0.5 0.05444444444 -0.5)
(1 0.05444444444 -0.5)
(0 0.05555555556 -0.5)
(0.5 0.05555555556 -0.5)
(1 0.05555555556 -0.5)
(0 0.05666666667 -0.5)
(0.5 0.05666666667 -0.5)
(1 0.05666666667 -0.5)
(0 0.05777777778 -0.5)
(0.5 0.05777777778 -0.5)
(1 0.05777777778 -0.5)
(0 0.05888888889 -0.5)
(0.5 0.05888888889 -0.5)
(1 0.05888888889 -0.5)
(0 0.06 -0.5)
(0.5 0.06 -0.5)
(1 0.06 -0.5)
(0 0.06111111111 -0.5)
(0.5 0.06111111111 -0.5)
(1 0.06111111111 -0.5)
(0 0.06222222222 -0.5)
(0.5 0.06222222222 -0.5)
(1 0.06222222222 -0.5)
(0 0.06333333333 -0.5)
(0.5 0.06333333333 -0.5)
(1 0.06333333333 -0.5)
(0 0.06444444444 -0.5)
(0.5 0.06444444444 -0.5)
(1 0.06444444444 -0.5)
(0 0.06555555556 -0.5)
(0.5 0.06555555556 -0.5)
(1 0.06555555556 -0.5)
(0 0.06666666667 -0.5)
(0.5 0.06666666667 -0.5)
(1 0.06666666667 -0.5)
(0 0.06777777778 -0.5)
(0.5 0.06777777778 -0.5)
(1 0.06777777778 -0.5)
(0 0.06888888889 -0.5)
(0.5 0.06888888889 -0.5)
(1 0.06888888889 -0.5)
(0 0.07 -0.5)
(0.5 0.07 -0.5)
(1 0.07 -0.5)
(0 0.07111111111 -0.5)
(0.5 0.07111111111 -0.5)
(1 0.07111111111 -0.5)
(0 0.07222222222 -0.5)
(0.5 0.07222222222 -0.5)
(1 0.07222222222 -0.5)
(0 0.07333333333 -0.5)
(0.5 0.07333333333 -0.5)
(1 0.07333333333 -0.5)
(0 0.07444444444 -0.5)
(0.5 0.07444444444 -0.5)
(1 0.07444444444 -0.5)
(0 0.07555555556 -0.5)
(0.5 0.07555555556 -0.5)
(1 0.07555555556 -0.5)
(0 0.07666666667 -0.5)
(0.5 0.07666666667 -0.5)
(1 0.07666666667 -0.5)
(0 0.07777777778 -0.5)
(0.5 0.07777777778 -0.5)
(1 0.07777777778 -0.5)
(0 0.07888888889 -0.5)
(0.5 0.07888888889 -0.5)
(1 0.07888888889 -0.5)
(0 0.08 -0.5)
(0.5 0.08 -0.5)
(1 0.08 -0.5)
(0 0.08111111111 -0.5)
(0.5 0.08111111111 -0.5)
(1 0.08111111111 -0.5)
(0 0.08222222222 -0.5)
(0.5 0.08222222222 -0.5)
(1 0.08222222222 -0.5)
(0 0.08333333333 -0.5)
(0.5 0.08333333333 -0.5)
(1 0.08333333333 -0.5)
(0 0.08444444444 -0.5)
(0.5 0.08444444444 -0.5)
(1 0.08444444444 -0.5)
(0 0.08555555556 -0.5)
(0.5 0.08555555556 -0.5)
(1 0.08555555556 -0.5)
(0 0.08666666667 -0.5)
(0.5 0.08666666667 -0.5)
(1 0.08666666667 -0.5)
(0 0.08777777778 -0.5)
(0.5 0.08777777778 -0.5)
(1 0.08777777778 -0.5)
(0 0.08888888889 -0.5)
(0.5 0.08888888889 -0.5)
(1 0.08888888889 -0.5)
(0 0.09 -0.5)
(0.5 0.09 -0.5)
(1 0.09 -0.5)
(0 0.09111111111 -0.5)
(0.5 0.09111111111 -0.5)
(1 0.09111111111 -0.5)
(0 0.09222222222 -0.5)
(0.5 0.09222222222 -0.5)
(1 0.09222222222 -0.5)
(0 0.09333333333 -0.5)
(0.5 0.09333333333 -0.5)
(1 0.09333333333 -0.5)
(0 0.09444444444 -0.5)
(0.5 0.09444444444 -0.5)
(1 0.09444444444 -0.5)
(0 0.09555555556 -0.5)
(0.5 0.09555555556 -0.5)
(1 0.09555555556 -0.5)
(0 0.09666666667 -0.5)
(0.5 0.09666666667 -0.5)
(1 0.09666666667 -0.5)
(0 0.09777777778 -0.5)
(0.5 0.09777777778 -0.5)
(1 0.09777777778 -0.5)
(0 0.09888888889 -0.5)
(0.5 0.09888888889 -0.5)
(1 0.09888888889 -0.5)
(0 0.1 -0.5)
(0.5 0.1 -0.5)
(1 0.1 -0.5)
(0 0 0.5)
(0.5 0 0.5)
(1 0 0.5)
(0 0.001111111111 0.5)
(0.5 0.001111111111 0.5)
(1 0.001111111111 0.5)
(0 0.002222222222 0.5)
(0.5 0.002222222222 0.5)
(1 0.002222222222 0.5)
(0 0.003333333333 0.5)
(0.5 0.003333333333 0.5)
(1 0.003333333333 0.5)
(0 0.004444444444 0.5)
(0.5 0.004444444444 0.5)
(1 0.004444444444 0.5)
(0 0.005555555556 0.5)
(0.5 0.005555555556 0.5)
(1 0.005555555556 0.5)
(0 0.006666666667 0.5)
(0.5 0.006666666667 0.5)
(1 0.006666666667 0.5)
(0 0.007777777778 0.5)
(0.5 0.007777777778 0.5)
(1 0.007777777778 0.5)
(0 0.008888888889 0.5)
(0.5 0.008888888889 0.5)
(1 0.008888888889 0.5)
(0 0.01 0.5)
(0.5 0.01 0.5)
(1 0.01 0.5)
(0 0.01111111111 0.5)
(0.5 0.01111111111 0.5)
(1 0.01111111111 0.5)
(0 0.01222222222 0.5)
(0.5 0.01222222222 0.5)
(1 0.01222222222 0.5)
(0 0.01333333333 0.5)
(0.5 0.01333333333 0.5)
(1 0.01333333333 0.5)
(0 0.01444444444 0.5)
(0.5 0.01444444444 0.5)
(1 0.01444444444 0.5)
(0 0.01555555556 0.5)
(0.5 0.01555555556 0.5)
(1 0.01555555556 0.5)
(0 0.01666666667 0.5)
(0.5 0.01666666667 0.5)
(1 0.01666666667 0.5)
(0 0.01777777778 0.5)
(0.5 0.01777777778 0.5)
(1 0.01777777778 0.5)
(0 0.01888888889 0.5)
(0.5 0.01888888889 0.5)
(1 0.01888888889 0.5)
(0 0.02 0.5)
(0.5 0.02 0.5)
(1 0.02 0.5)
(0 0.02111111111 0.5)
(0.5 0.02111111111 0.5)
(1 0.02111111111 0.5)
(0 0.02222222222 0.5)
(0.5 0.02222222222 0.5)
(1 0.02222222222 0.5)
(0 0.02333333333 0.5)
(0.5 0.02333333333 0.5)
(1 0.02333333333 0.5)
(0 0.02444444444 0.5)
(0.5 0.02444444444 0.5)
(1 0.02444444444 0.5)
(0 0.02555555556 0.5)
(0.5 0.02555555556 0.5)
(1 0.02555555556 0.5)
(0 0.02666666667 0.5)
(0.5 0.02666666667 0.5)
(1 0.02666666667 0.5)
(0 0.02777777778 0.5)
(0.5 0.02777777778 0.5)
(1 0.02777777778 0.5)
(0 0.02888888889 0.5)
(0.5 0.02888888889 0.5)
(1 0.02888888889 0.5)
(0 0.03 0.5)
(0.5 0.03 0.5)
(1 0.03 0.5)
(0 0.03111111111 0.5)
(0.5 0.03111111111 0.5)
(1 0.03111111111 0.5)
(0 0.03222222222 0.5)
(0.5 0.03222222222 0.5)
(1 0.03222222222 0.5)
(0 0.03333333333 0.5)
(0.5 0.03333333333 0.5)
(1 0.03333333333 0.5)
(0 0.03444444444 0.5)
(0.5 0.03444444444 0.5)
(1 0.03444444444 0.5)
(0 0.03555555556 0.5)
(0.5 0.03555555556 0.5)
(1 0.03555555556 0.5)
(0 0.03666666667 0.5)
(0.5 0.03666666667 0.5)
(1 0.03666666667 0.5)
(0 0.03777777778 0.5)
(0.5 0.03777777778 0.5)
(1 0.03777777778 0.5)
(0 0.03888888889 0.5)
(0.5 0.03888888889 0.5)
(1 0.03888888889 0.5)
(0 0.04 0.5)
(0.5 0.04 0.5)
(1 0.04 0.5)
(0 0.04111111111 0.5)
(0.5 0.04111111111 0.5)
(1 0.04111111111 0.5)
(0 0.04222222222 0.5)
(0.5 0.04222222222 0.5)
(1 0.04222222222 0.5)
(0 0.04333333333 0.5)
(0.5 0.04333333333 0.5)
(1 0.04333333333 0.5)
(0 0.04444444444 0.5)
(0.5 0.04444444444 0.5)
(1 0.04444444444 0.5)
(0 0.04555555556 0.5)
(0.5 0.04555555556 0.5)
(1 0.04555555556 0.5)
(0 0.04666666667 0.5)
(0.5 0.04666666667 0.5)
(1 0.04666666667 0.5)
(0 0.04777777778 0.5)
(0.5 0.04777777778 0.5)
(1 0.04777777778 0.5)
(0 0.04888888889 0.5)
(0.5 0.04888888889 0.5)
(1 0.04888888889 0.5)
(0 0.05 0.5)
(0.5 0.05 0.5)
(1 0.05 0.5)
(0 0.05111111111 0.5)
(0.5 0.05111111111 0.5)
(1 0.05111111111 0.5)
(0 0.05222222222 0.5)
(0.5 0.05222222222 0.5)
(1 0.05222222222 0.5)
(0 0.05333333333 0.5)
(0.5 0.05333333333 0.5)
(1 0.05333333333 0.5)
(0 0.05444444444 0.5)
(0.5 0.05444444444 0.5)
(1 0.05444444444 0.5)
(0 0.05555555556 0.5)
(0.5 0.05555555556 0.5)
(1 0.05555555556 0.5)
(0 0.05666666667 0.5)
(0.5 0.05666666667 0.5)
(1 0.05666666667 0.5)
(0 0.05777777778 0.5)
(0.5 0.05777777778 0.5)
(1 0.05777777778 0.5)
(0 0.05888888889 0.5)
(0.5 0.05888888889 0.5)
(1 0.05888888889 0.5)
(0 0.06 0.5)
(0.5 0.06 0.5)
(1 0.06 0.5)
(0 0.06111111111 0.5)
(0.5 0.06111111111 0.5)
(1 0.06111111111 0.5)
(0 0.06222222222 0.5)
(0.5 0.06222222222 0.5)
(1 0.06222222222 0.5)
(0 0.06333333333 0.5)
(0.5 0.06333333333 0.5)
(1 0.06333333333 0.5)
(0 0.06444444444 0.5)
(0.5 0.06444444444 0.5)
(1 0.06444444444 0.5)
(0 0.06555555556 0.5)
(0.5 0.06555555556 0.5)
(1 0.06555555556 0.5)
(0 0.06666666667 0.5)
(0.5 0.06666666667 0.5)
(1 0.06666666667 0.5)
(0 0.06777777778 0.5)
(0.5 0.06777777778 0.5)
(1 0.06777777778 0.5)
(0 0.06888888889 0.5)
(0.5 0.06888888889 0.5)
(1 0.06888888889 0.5)
(0 0.07 0.5)
(0.5 0.07 0.5)
(1 0.07 0.5)
(0 0.07111111111 0.5)
(0.5 0.07111111111 0.5)
(1 0.07111111111 0.5)
(0 0.07222222222 0.5)
(0.5 0.07222222222 0.5)
(1 0.07222222222 0.5)
(0 0.07333333333 0.5)
(0.5 0.07333333333 0.5)
(1 0.07333333333 0.5)
(0 0.07444444444 0.5)
(0.5 0.07444444444 0.5)
(1 0.07444444444 0.5)
(0 0.07555555556 0.5)
(0.5 0.07555555556 0.5)
(1 0.07555555556 0.5)
(0 0.07666666667 0.5)
(0.5 0.07666666667 0.5)
(1 0.07666666667 0.5)
(0 0.07777777778 0.5)
(0.5 0.07777777778 0.5)
(1 0.07777777778 0.5)
(0 0.07888888889 0.5)
(0.5 0.07888888889 0.5)
(1 0.07888888889 0.5)
(0 0.08 0.5)
(0.5 0.08 0.5)
(1 0.08 0.5)
(0 0.08111111111 0.5)
(0.5 0.08111111111 0.5)
(1 0.08111111111 0.5)
(0 0.08222222222 0.5)
(0.5 0.08222222222 0.5)
(1 0.08222222222 0.5)
(0 0.08333333333 0.5)
(0.5 0.08333333333 0.5)
(1 0.08333333333 0.5)
(0 0.08444444444 0.5)
(0.5 0.08444444444 0.5)
(1 0.08444444444 0.5)
(0 0.08555555556 0.5)
(0.5 0.08555555556 0.5)
(1 0.08555555556 0.5)
(0 0.08666666667 0.5)
(0.5 0.08666666667 0.5)
(1 0.08666666667 0.5)
(0 0.08777777778 0.5)
(0.5 0.08777777778 0.5)
(1 0.08777777778 0.5)
(0 0.08888888889 0.5)
(0.5 0.08888888889 0.5)
(1 0.08888888889 0.5)
(0 0.09 0.5)
(0.5 0.09 0.5)
(1 0.09 0.5)
(0 0.09111111111 0.5)
(0.5 0.09111111111 0.5)
(1 0.09111111111 0.5)
(0 0.09222222222 0.5)
(0.5 0.09222222222 0.5)
(1 0.09222222222 0.5)
(0 0.09333333333 0.5)
(0.5 0.09333333333 0.5)
(1 0.09333333333 0.5)
(0 0.09444444444 0.5)
(0.5 0.09444444444 0.5)
(1 0.09444444444 0.5)
(0 0.09555555556 0.5)
(0.5 0.09555555556 0.5)
(1 0.09555555556 0.5)
(0 0.09666666667 0.5)
(0.5 0.09666666667 0.5)
(1 0.09666666667 0.5)
(0 0.09777777778 0.5)
(0.5 0.09777777778 0.5)
(1 0.09777777778 0.5)
(0 0.09888888889 0.5)
(0.5 0.09888888889 0.5)
(1 0.09888888889 0.5)
(0 0.1 0.5)
(0.5 0.1 0.5)
(1 0.1 0.5)
)


// ************************************************************************* //
