/*--------------------------------*- C++ -*----------------------------------*\
  =========                 |
  \\      /  F ield         | OpenFOAM: The Open Source CFD Toolbox
   \\    /   O peration     | Website:  https://openfoam.org
    \\  /    A nd           | Version:  7
     \\/     M anipulation  |
\*---------------------------------------------------------------------------*/
FoamFile
{
    version     2.0;
    format      ascii;
    class       faceList;
    location    "constant/polyMesh";
    object      faces;
}
// * * * * * * * * * * * * * * * * * * * * * * * * * * * * * * * * * * * * * //


653
(
4(1 5 209 205)
4(4 208 209 5)
4(2 6 210 206)
4(5 209 210 6)
4(6 210 211 7)
4(5 9 213 209)
4(8 212 213 9)
4(6 10 214 210)
4(9 213 214 10)
4(10 214 215 11)
4(9 13 217 213)
4(12 216 217 13)
4(10 14 218 214)
4(13 217 218 14)
4(14 218 219 15)
4(13 17 221 217)
4(16 220 221 17)
4(14 18 222 218)
4(17 221 222 18)
4(18 222 223 19)
4(17 21 225 221)
4(20 224 225 21)
4(18 22 226 222)
4(21 225 226 22)
4(22 226 227 23)
4(21 25 229 225)
4(24 228 229 25)
4(22 26 230 226)
4(25 229 230 26)
4(26 230 231 27)
4(25 29 233 229)
4(28 232 233 29)
4(26 30 234 230)
4(29 233 234 30)
4(30 234 235 31)
4(29 33 237 233)
4(32 236 237 33)
4(30 34 238 234)
4(33 237 238 34)
4(34 238 239 35)
4(33 37 241 237)
4(36 240 241 37)
4(34 38 242 238)
4(37 241 242 38)
4(38 242 243 39)
4(37 41 245 241)
4(40 244 245 41)
4(38 42 246 242)
4(41 245 246 42)
4(42 246 247 43)
4(41 45 249 245)
4(44 248 249 45)
4(42 46 250 246)
4(45 249 250 46)
4(46 250 251 47)
4(45 49 253 249)
4(48 252 253 49)
4(46 50 254 250)
4(49 253 254 50)
4(50 254 255 51)
4(49 53 257 253)
4(52 256 257 53)
4(50 54 258 254)
4(53 257 258 54)
4(54 258 259 55)
4(53 57 261 257)
4(56 260 261 57)
4(54 58 262 258)
4(57 261 262 58)
4(58 262 263 59)
4(57 61 265 261)
4(60 264 265 61)
4(58 62 266 262)
4(61 265 266 62)
4(62 266 267 63)
4(61 65 269 265)
4(64 268 269 65)
4(62 66 270 266)
4(65 269 270 66)
4(66 270 271 67)
4(65 69 273 269)
4(68 272 273 69)
4(66 70 274 270)
4(69 273 274 70)
4(70 274 275 71)
4(69 73 277 273)
4(72 276 277 73)
4(70 74 278 274)
4(73 277 278 74)
4(74 278 279 75)
4(73 77 281 277)
4(76 280 281 77)
4(74 78 282 278)
4(77 281 282 78)
4(78 282 283 79)
4(77 81 285 281)
4(80 284 285 81)
4(78 82 286 282)
4(81 285 286 82)
4(82 286 287 83)
4(81 85 289 285)
4(84 288 289 85)
4(82 86 290 286)
4(85 289 290 86)
4(86 290 291 87)
4(85 89 293 289)
4(88 292 293 89)
4(86 90 294 290)
4(89 293 294 90)
4(90 294 295 91)
4(89 93 297 293)
4(92 296 297 93)
4(90 94 298 294)
4(93 297 298 94)
4(94 298 299 95)
4(93 97 301 297)
4(96 300 301 97)
4(94 98 302 298)
4(97 301 302 98)
4(98 302 303 99)
4(97 101 305 301)
4(100 304 305 101)
4(98 102 306 302)
4(101 305 306 102)
4(102 306 307 103)
4(101 105 309 305)
4(104 308 309 105)
4(102 106 310 306)
4(105 309 310 106)
4(106 310 311 107)
4(105 109 313 309)
4(108 312 313 109)
4(106 110 314 310)
4(109 313 314 110)
4(110 314 315 111)
4(109 113 317 313)
4(112 316 317 113)
4(110 114 318 314)
4(113 317 318 114)
4(114 318 319 115)
4(113 117 321 317)
4(116 320 321 117)
4(114 118 322 318)
4(117 321 322 118)
4(118 322 323 119)
4(117 121 325 321)
4(120 324 325 121)
4(118 122 326 322)
4(121 325 326 122)
4(122 326 327 123)
4(121 125 329 325)
4(124 328 329 125)
4(122 126 330 326)
4(125 329 330 126)
4(126 330 331 127)
4(125 129 333 329)
4(128 332 333 129)
4(126 130 334 330)
4(129 333 334 130)
4(130 334 335 131)
4(129 133 337 333)
4(132 336 337 133)
4(130 134 338 334)
4(133 337 338 134)
4(134 338 339 135)
4(133 137 341 337)
4(136 340 341 137)
4(134 138 342 338)
4(137 341 342 138)
4(138 342 343 139)
4(137 141 345 341)
4(140 344 345 141)
4(138 142 346 342)
4(141 345 346 142)
4(142 346 347 143)
4(141 145 349 345)
4(144 348 349 145)
4(142 146 350 346)
4(145 349 350 146)
4(146 350 351 147)
4(145 149 353 349)
4(148 352 353 149)
4(146 150 354 350)
4(149 353 354 150)
4(150 354 355 151)
4(149 153 357 353)
4(152 356 357 153)
4(150 154 358 354)
4(153 357 358 154)
4(154 358 359 155)
4(153 157 361 357)
4(156 360 361 157)
4(154 158 362 358)
4(157 361 362 158)
4(158 362 363 159)
4(157 161 365 361)
4(160 364 365 161)
4(158 162 366 362)
4(161 365 366 162)
4(162 366 367 163)
4(161 165 369 365)
4(164 368 369 165)
4(162 166 370 366)
4(165 369 370 166)
4(166 370 371 167)
4(165 169 373 369)
4(168 372 373 169)
4(166 170 374 370)
4(169 373 374 170)
4(170 374 375 171)
4(169 173 377 373)
4(172 376 377 173)
4(170 174 378 374)
4(173 377 378 174)
4(174 378 379 175)
4(173 177 381 377)
4(176 380 381 177)
4(174 178 382 378)
4(177 381 382 178)
4(178 382 383 179)
4(177 181 385 381)
4(180 384 385 181)
4(178 182 386 382)
4(181 385 386 182)
4(182 386 387 183)
4(181 185 389 385)
4(184 388 389 185)
4(182 186 390 386)
4(185 389 390 186)
4(186 390 391 187)
4(185 189 393 389)
4(188 392 393 189)
4(186 190 394 390)
4(189 393 394 190)
4(190 394 395 191)
4(189 193 397 393)
4(192 396 397 193)
4(190 194 398 394)
4(193 397 398 194)
4(194 398 399 195)
4(193 197 401 397)
4(196 400 401 197)
4(194 198 402 398)
4(197 401 402 198)
4(198 402 403 199)
4(197 201 405 401)
4(198 202 406 402)
4(0 204 208 4)
4(4 208 212 8)
4(8 212 216 12)
4(12 216 220 16)
4(16 220 224 20)
4(20 224 228 24)
4(24 228 232 28)
4(28 232 236 32)
4(32 236 240 36)
4(36 240 244 40)
4(40 244 248 44)
4(44 248 252 48)
4(48 252 256 52)
4(52 256 260 56)
4(56 260 264 60)
4(60 264 268 64)
4(64 268 272 68)
4(68 272 276 72)
4(72 276 280 76)
4(76 280 284 80)
4(80 284 288 84)
4(84 288 292 88)
4(88 292 296 92)
4(92 296 300 96)
4(96 300 304 100)
4(100 304 308 104)
4(104 308 312 108)
4(108 312 316 112)
4(112 316 320 116)
4(116 320 324 120)
4(120 324 328 124)
4(124 328 332 128)
4(128 332 336 132)
4(132 336 340 136)
4(136 340 344 140)
4(140 344 348 144)
4(144 348 352 148)
4(148 352 356 152)
4(152 356 360 156)
4(156 360 364 160)
4(160 364 368 164)
4(164 368 372 168)
4(168 372 376 172)
4(172 376 380 176)
4(176 380 384 180)
4(180 384 388 184)
4(184 388 392 188)
4(188 392 396 192)
4(192 396 400 196)
4(196 400 404 200)
4(3 7 211 207)
4(7 11 215 211)
4(11 15 219 215)
4(15 19 223 219)
4(19 23 227 223)
4(23 27 231 227)
4(27 31 235 231)
4(31 35 239 235)
4(35 39 243 239)
4(39 43 247 243)
4(43 47 251 247)
4(47 51 255 251)
4(51 55 259 255)
4(55 59 263 259)
4(59 63 267 263)
4(63 67 271 267)
4(67 71 275 271)
4(71 75 279 275)
4(75 79 283 279)
4(79 83 287 283)
4(83 87 291 287)
4(87 91 295 291)
4(91 95 299 295)
4(95 99 303 299)
4(99 103 307 303)
4(103 107 311 307)
4(107 111 315 311)
4(111 115 319 315)
4(115 119 323 319)
4(119 123 327 323)
4(123 127 331 327)
4(127 131 335 331)
4(131 135 339 335)
4(135 139 343 339)
4(139 143 347 343)
4(143 147 351 347)
4(147 151 355 351)
4(151 155 359 355)
4(155 159 363 359)
4(159 163 367 363)
4(163 167 371 367)
4(167 171 375 371)
4(171 175 379 375)
4(175 179 383 379)
4(179 183 387 383)
4(183 187 391 387)
4(187 191 395 391)
4(191 195 399 395)
4(195 199 403 399)
4(199 203 407 403)
4(0 1 205 204)
4(1 2 206 205)
4(2 3 207 206)
4(200 404 405 201)
4(201 405 406 202)
4(202 406 407 203)
4(0 4 5 1)
4(4 8 9 5)
4(8 12 13 9)
4(12 16 17 13)
4(16 20 21 17)
4(20 24 25 21)
4(24 28 29 25)
4(28 32 33 29)
4(32 36 37 33)
4(36 40 41 37)
4(40 44 45 41)
4(44 48 49 45)
4(48 52 53 49)
4(52 56 57 53)
4(56 60 61 57)
4(60 64 65 61)
4(64 68 69 65)
4(68 72 73 69)
4(72 76 77 73)
4(76 80 81 77)
4(80 84 85 81)
4(84 88 89 85)
4(88 92 93 89)
4(92 96 97 93)
4(96 100 101 97)
4(100 104 105 101)
4(104 108 109 105)
4(108 112 113 109)
4(112 116 117 113)
4(116 120 121 117)
4(120 124 125 121)
4(124 128 129 125)
4(128 132 133 129)
4(132 136 137 133)
4(136 140 141 137)
4(140 144 145 141)
4(144 148 149 145)
4(148 152 153 149)
4(152 156 157 153)
4(156 160 161 157)
4(160 164 165 161)
4(164 168 169 165)
4(168 172 173 169)
4(172 176 177 173)
4(176 180 181 177)
4(180 184 185 181)
4(184 188 189 185)
4(188 192 193 189)
4(192 196 197 193)
4(196 200 201 197)
4(1 5 6 2)
4(5 9 10 6)
4(9 13 14 10)
4(13 17 18 14)
4(17 21 22 18)
4(21 25 26 22)
4(25 29 30 26)
4(29 33 34 30)
4(33 37 38 34)
4(37 41 42 38)
4(41 45 46 42)
4(45 49 50 46)
4(49 53 54 50)
4(53 57 58 54)
4(57 61 62 58)
4(61 65 66 62)
4(65 69 70 66)
4(69 73 74 70)
4(73 77 78 74)
4(77 81 82 78)
4(81 85 86 82)
4(85 89 90 86)
4(89 93 94 90)
4(93 97 98 94)
4(97 101 102 98)
4(101 105 106 102)
4(105 109 110 106)
4(109 113 114 110)
4(113 117 118 114)
4(117 121 122 118)
4(121 125 126 122)
4(125 129 130 126)
4(129 133 134 130)
4(133 137 138 134)
4(137 141 142 138)
4(141 145 146 142)
4(145 149 150 146)
4(149 153 154 150)
4(153 157 158 154)
4(157 161 162 158)
4(161 165 166 162)
4(165 169 170 166)
4(169 173 174 170)
4(173 177 178 174)
4(177 181 182 178)
4(181 185 186 182)
4(185 189 190 186)
4(189 193 194 190)
4(193 197 198 194)
4(197 201 202 198)
4(2 6 7 3)
4(6 10 11 7)
4(10 14 15 11)
4(14 18 19 15)
4(18 22 23 19)
4(22 26 27 23)
4(26 30 31 27)
4(30 34 35 31)
4(34 38 39 35)
4(38 42 43 39)
4(42 46 47 43)
4(46 50 51 47)
4(50 54 55 51)
4(54 58 59 55)
4(58 62 63 59)
4(62 66 67 63)
4(66 70 71 67)
4(70 74 75 71)
4(74 78 79 75)
4(78 82 83 79)
4(82 86 87 83)
4(86 90 91 87)
4(90 94 95 91)
4(94 98 99 95)
4(98 102 103 99)
4(102 106 107 103)
4(106 110 111 107)
4(110 114 115 111)
4(114 118 119 115)
4(118 122 123 119)
4(122 126 127 123)
4(126 130 131 127)
4(130 134 135 131)
4(134 138 139 135)
4(138 142 143 139)
4(142 146 147 143)
4(146 150 151 147)
4(150 154 155 151)
4(154 158 159 155)
4(158 162 163 159)
4(162 166 167 163)
4(166 170 171 167)
4(170 174 175 171)
4(174 178 179 175)
4(178 182 183 179)
4(182 186 187 183)
4(186 190 191 187)
4(190 194 195 191)
4(194 198 199 195)
4(198 202 203 199)
4(204 205 209 208)
4(208 209 213 212)
4(212 213 217 216)
4(216 217 221 220)
4(220 221 225 224)
4(224 225 229 228)
4(228 229 233 232)
4(232 233 237 236)
4(236 237 241 240)
4(240 241 245 244)
4(244 245 249 248)
4(248 249 253 252)
4(252 253 257 256)
4(256 257 261 260)
4(260 261 265 264)
4(264 265 269 268)
4(268 269 273 272)
4(272 273 277 276)
4(276 277 281 280)
4(280 281 285 284)
4(284 285 289 288)
4(288 289 293 292)
4(292 293 297 296)
4(296 297 301 300)
4(300 301 305 304)
4(304 305 309 308)
4(308 309 313 312)
4(312 313 317 316)
4(316 317 321 320)
4(320 321 325 324)
4(324 325 329 328)
4(328 329 333 332)
4(332 333 337 336)
4(336 337 341 340)
4(340 341 345 344)
4(344 345 349 348)
4(348 349 353 352)
4(352 353 357 356)
4(356 357 361 360)
4(360 361 365 364)
4(364 365 369 368)
4(368 369 373 372)
4(372 373 377 376)
4(376 377 381 380)
4(380 381 385 384)
4(384 385 389 388)
4(388 389 393 392)
4(392 393 397 396)
4(396 397 401 400)
4(400 401 405 404)
4(205 206 210 209)
4(209 210 214 213)
4(213 214 218 217)
4(217 218 222 221)
4(221 222 226 225)
4(225 226 230 229)
4(229 230 234 233)
4(233 234 238 237)
4(237 238 242 241)
4(241 242 246 245)
4(245 246 250 249)
4(249 250 254 253)
4(253 254 258 257)
4(257 258 262 261)
4(261 262 266 265)
4(265 266 270 269)
4(269 270 274 273)
4(273 274 278 277)
4(277 278 282 281)
4(281 282 286 285)
4(285 286 290 289)
4(289 290 294 293)
4(293 294 298 297)
4(297 298 302 301)
4(301 302 306 305)
4(305 306 310 309)
4(309 310 314 313)
4(313 314 318 317)
4(317 318 322 321)
4(321 322 326 325)
4(325 326 330 329)
4(329 330 334 333)
4(333 334 338 337)
4(337 338 342 341)
4(341 342 346 345)
4(345 346 350 349)
4(349 350 354 353)
4(353 354 358 357)
4(357 358 362 361)
4(361 362 366 365)
4(365 366 370 369)
4(369 370 374 373)
4(373 374 378 377)
4(377 378 382 381)
4(381 382 386 385)
4(385 386 390 389)
4(389 390 394 393)
4(393 394 398 397)
4(397 398 402 401)
4(401 402 406 405)
4(206 207 211 210)
4(210 211 215 214)
4(214 215 219 218)
4(218 219 223 222)
4(222 223 227 226)
4(226 227 231 230)
4(230 231 235 234)
4(234 235 239 238)
4(238 239 243 242)
4(242 243 247 246)
4(246 247 251 250)
4(250 251 255 254)
4(254 255 259 258)
4(258 259 263 262)
4(262 263 267 266)
4(266 267 271 270)
4(270 271 275 274)
4(274 275 279 278)
4(278 279 283 282)
4(282 283 287 286)
4(286 287 291 290)
4(290 291 295 294)
4(294 295 299 298)
4(298 299 303 302)
4(302 303 307 306)
4(306 307 311 310)
4(310 311 315 314)
4(314 315 319 318)
4(318 319 323 322)
4(322 323 327 326)
4(326 327 331 330)
4(330 331 335 334)
4(334 335 339 338)
4(338 339 343 342)
4(342 343 347 346)
4(346 347 351 350)
4(350 351 355 354)
4(354 355 359 358)
4(358 359 363 362)
4(362 363 367 366)
4(366 367 371 370)
4(370 371 375 374)
4(374 375 379 378)
4(378 379 383 382)
4(382 383 387 386)
4(386 387 391 390)
4(390 391 395 394)
4(394 395 399 398)
4(398 399 403 402)
4(402 403 407 406)
)


// ************************************************************************* //
