/*--------------------------------*- C++ -*----------------------------------*\
  =========                 |
  \\      /  F ield         | OpenFOAM: The Open Source CFD Toolbox
   \\    /   O peration     | Website:  https://openfoam.org
    \\  /    A nd           | Version:  7
     \\/     M anipulation  |
\*---------------------------------------------------------------------------*/
FoamFile
{
    version     2.0;
    format      ascii;
    class       vectorField;
    location    "constant/polyMesh";
    object      points;
}
// * * * * * * * * * * * * * * * * * * * * * * * * * * * * * * * * * * * * * //


408
(
(0 0 -1)
(62 0 -1)
(124 0 -1)
(186 0 -1)
(0 1.871612366 -1)
(62 1.871612366 -1)
(124 1.871612366 -1)
(186 1.871612366 -1)
(0 3.931685188 -1)
(62 3.931685188 -1)
(124 3.931685188 -1)
(186 3.931685188 -1)
(0 6.199195335 -1)
(62 6.199195335 -1)
(124 6.199195335 -1)
(186 6.199195335 -1)
(0 8.695030538 -1)
(62 8.695030538 -1)
(124 8.695030538 -1)
(186 8.695030538 -1)
(0 11.4421818 -1)
(62 11.4421818 -1)
(124 11.4421818 -1)
(186 11.4421818 -1)
(0 14.46595518 -1)
(62 14.46595518 -1)
(124 14.46595518 -1)
(186 14.46595518 -1)
(0 17.79420491 -1)
(62 17.79420491 -1)
(124 17.79420491 -1)
(186 17.79420491 -1)
(0 21.45758999 -1)
(62 21.45758999 -1)
(124 21.45758999 -1)
(186 21.45758999 -1)
(0 25.4898566 -1)
(62 25.4898566 -1)
(124 25.4898566 -1)
(186 25.4898566 -1)
(0 29.92814895 -1)
(62 29.92814895 -1)
(124 29.92814895 -1)
(186 29.92814895 -1)
(0 34.81335147 -1)
(62 34.81335147 -1)
(124 34.81335147 -1)
(186 34.81335147 -1)
(0 40.19046541 -1)
(62 40.19046541 -1)
(124 40.19046541 -1)
(186 40.19046541 -1)
(0 46.10902339 -1)
(62 46.10902339 -1)
(124 46.10902339 -1)
(186 46.10902339 -1)
(0 52.62354565 -1)
(62 52.62354565 -1)
(124 52.62354565 -1)
(186 52.62354565 -1)
(0 59.79404233 -1)
(62 59.79404233 -1)
(124 59.79404233 -1)
(186 59.79404233 -1)
(0 67.68656624 -1)
(62 67.68656624 -1)
(124 67.68656624 -1)
(186 67.68656624 -1)
(0 76.37382129 -1)
(62 76.37382129 -1)
(124 76.37382129 -1)
(186 76.37382129 -1)
(0 85.9358323 -1)
(62 85.9358323 -1)
(124 85.9358323 -1)
(186 85.9358323 -1)
(0 96.46068208 -1)
(62 96.46068208 -1)
(124 96.46068208 -1)
(186 96.46068208 -1)
(0 108.0453229 -1)
(62 108.0453229 -1)
(124 108.0453229 -1)
(186 108.0453229 -1)
(0 120.7964695 -1)
(62 120.7964695 -1)
(124 120.7964695 -1)
(186 120.7964695 -1)
(0 134.8315823 -1)
(62 134.8315823 -1)
(124 134.8315823 -1)
(186 134.8315823 -1)
(0 150.2799491 -1)
(62 150.2799491 -1)
(124 150.2799491 -1)
(186 150.2799491 -1)
(0 167.2838763 -1)
(62 167.2838763 -1)
(124 167.2838763 -1)
(186 167.2838763 -1)
(0 186 -1)
(62 186 -1)
(124 186 -1)
(186 186 -1)
(0 204.7161237 -1)
(62 204.7161237 -1)
(124 204.7161237 -1)
(186 204.7161237 -1)
(0 221.7200509 -1)
(62 221.7200509 -1)
(124 221.7200509 -1)
(186 221.7200509 -1)
(0 237.1684177 -1)
(62 237.1684177 -1)
(124 237.1684177 -1)
(186 237.1684177 -1)
(0 251.2035305 -1)
(62 251.2035305 -1)
(124 251.2035305 -1)
(186 251.2035305 -1)
(0 263.9546771 -1)
(62 263.9546771 -1)
(124 263.9546771 -1)
(186 263.9546771 -1)
(0 275.5393179 -1)
(62 275.5393179 -1)
(124 275.5393179 -1)
(186 275.5393179 -1)
(0 286.0641677 -1)
(62 286.0641677 -1)
(124 286.0641677 -1)
(186 286.0641677 -1)
(0 295.6261787 -1)
(62 295.6261787 -1)
(124 295.6261787 -1)
(186 295.6261787 -1)
(0 304.3134338 -1)
(62 304.3134338 -1)
(124 304.3134338 -1)
(186 304.3134338 -1)
(0 312.2059577 -1)
(62 312.2059577 -1)
(124 312.2059577 -1)
(186 312.2059577 -1)
(0 319.3764544 -1)
(62 319.3764544 -1)
(124 319.3764544 -1)
(186 319.3764544 -1)
(0 325.8909766 -1)
(62 325.8909766 -1)
(124 325.8909766 -1)
(186 325.8909766 -1)
(0 331.8095346 -1)
(62 331.8095346 -1)
(124 331.8095346 -1)
(186 331.8095346 -1)
(0 337.1866485 -1)
(62 337.1866485 -1)
(124 337.1866485 -1)
(186 337.1866485 -1)
(0 342.071851 -1)
(62 342.071851 -1)
(124 342.071851 -1)
(186 342.071851 -1)
(0 346.5101434 -1)
(62 346.5101434 -1)
(124 346.5101434 -1)
(186 346.5101434 -1)
(0 350.54241 -1)
(62 350.54241 -1)
(124 350.54241 -1)
(186 350.54241 -1)
(0 354.2057951 -1)
(62 354.2057951 -1)
(124 354.2057951 -1)
(186 354.2057951 -1)
(0 357.5340448 -1)
(62 357.5340448 -1)
(124 357.5340448 -1)
(186 357.5340448 -1)
(0 360.5578182 -1)
(62 360.5578182 -1)
(124 360.5578182 -1)
(186 360.5578182 -1)
(0 363.3049695 -1)
(62 363.3049695 -1)
(124 363.3049695 -1)
(186 363.3049695 -1)
(0 365.8008047 -1)
(62 365.8008047 -1)
(124 365.8008047 -1)
(186 365.8008047 -1)
(0 368.0683148 -1)
(62 368.0683148 -1)
(124 368.0683148 -1)
(186 368.0683148 -1)
(0 370.1283876 -1)
(62 370.1283876 -1)
(124 370.1283876 -1)
(186 370.1283876 -1)
(0 372 -1)
(62 372 -1)
(124 372 -1)
(186 372 -1)
(0 0 1)
(62 0 1)
(124 0 1)
(186 0 1)
(0 1.871612366 1)
(62 1.871612366 1)
(124 1.871612366 1)
(186 1.871612366 1)
(0 3.931685188 1)
(62 3.931685188 1)
(124 3.931685188 1)
(186 3.931685188 1)
(0 6.199195335 1)
(62 6.199195335 1)
(124 6.199195335 1)
(186 6.199195335 1)
(0 8.695030538 1)
(62 8.695030538 1)
(124 8.695030538 1)
(186 8.695030538 1)
(0 11.4421818 1)
(62 11.4421818 1)
(124 11.4421818 1)
(186 11.4421818 1)
(0 14.46595518 1)
(62 14.46595518 1)
(124 14.46595518 1)
(186 14.46595518 1)
(0 17.79420491 1)
(62 17.79420491 1)
(124 17.79420491 1)
(186 17.79420491 1)
(0 21.45758999 1)
(62 21.45758999 1)
(124 21.45758999 1)
(186 21.45758999 1)
(0 25.4898566 1)
(62 25.4898566 1)
(124 25.4898566 1)
(186 25.4898566 1)
(0 29.92814895 1)
(62 29.92814895 1)
(124 29.92814895 1)
(186 29.92814895 1)
(0 34.81335147 1)
(62 34.81335147 1)
(124 34.81335147 1)
(186 34.81335147 1)
(0 40.19046541 1)
(62 40.19046541 1)
(124 40.19046541 1)
(186 40.19046541 1)
(0 46.10902339 1)
(62 46.10902339 1)
(124 46.10902339 1)
(186 46.10902339 1)
(0 52.62354565 1)
(62 52.62354565 1)
(124 52.62354565 1)
(186 52.62354565 1)
(0 59.79404233 1)
(62 59.79404233 1)
(124 59.79404233 1)
(186 59.79404233 1)
(0 67.68656624 1)
(62 67.68656624 1)
(124 67.68656624 1)
(186 67.68656624 1)
(0 76.37382129 1)
(62 76.37382129 1)
(124 76.37382129 1)
(186 76.37382129 1)
(0 85.9358323 1)
(62 85.9358323 1)
(124 85.9358323 1)
(186 85.9358323 1)
(0 96.46068208 1)
(62 96.46068208 1)
(124 96.46068208 1)
(186 96.46068208 1)
(0 108.0453229 1)
(62 108.0453229 1)
(124 108.0453229 1)
(186 108.0453229 1)
(0 120.7964695 1)
(62 120.7964695 1)
(124 120.7964695 1)
(186 120.7964695 1)
(0 134.8315823 1)
(62 134.8315823 1)
(124 134.8315823 1)
(186 134.8315823 1)
(0 150.2799491 1)
(62 150.2799491 1)
(124 150.2799491 1)
(186 150.2799491 1)
(0 167.2838763 1)
(62 167.2838763 1)
(124 167.2838763 1)
(186 167.2838763 1)
(0 186 1)
(62 186 1)
(124 186 1)
(186 186 1)
(0 204.7161237 1)
(62 204.7161237 1)
(124 204.7161237 1)
(186 204.7161237 1)
(0 221.7200509 1)
(62 221.7200509 1)
(124 221.7200509 1)
(186 221.7200509 1)
(0 237.1684177 1)
(62 237.1684177 1)
(124 237.1684177 1)
(186 237.1684177 1)
(0 251.2035305 1)
(62 251.2035305 1)
(124 251.2035305 1)
(186 251.2035305 1)
(0 263.9546771 1)
(62 263.9546771 1)
(124 263.9546771 1)
(186 263.9546771 1)
(0 275.5393179 1)
(62 275.5393179 1)
(124 275.5393179 1)
(186 275.5393179 1)
(0 286.0641677 1)
(62 286.0641677 1)
(124 286.0641677 1)
(186 286.0641677 1)
(0 295.6261787 1)
(62 295.6261787 1)
(124 295.6261787 1)
(186 295.6261787 1)
(0 304.3134338 1)
(62 304.3134338 1)
(124 304.3134338 1)
(186 304.3134338 1)
(0 312.2059577 1)
(62 312.2059577 1)
(124 312.2059577 1)
(186 312.2059577 1)
(0 319.3764544 1)
(62 319.3764544 1)
(124 319.3764544 1)
(186 319.3764544 1)
(0 325.8909766 1)
(62 325.8909766 1)
(124 325.8909766 1)
(186 325.8909766 1)
(0 331.8095346 1)
(62 331.8095346 1)
(124 331.8095346 1)
(186 331.8095346 1)
(0 337.1866485 1)
(62 337.1866485 1)
(124 337.1866485 1)
(186 337.1866485 1)
(0 342.071851 1)
(62 342.071851 1)
(124 342.071851 1)
(186 342.071851 1)
(0 346.5101434 1)
(62 346.5101434 1)
(124 346.5101434 1)
(186 346.5101434 1)
(0 350.54241 1)
(62 350.54241 1)
(124 350.54241 1)
(186 350.54241 1)
(0 354.2057951 1)
(62 354.2057951 1)
(124 354.2057951 1)
(186 354.2057951 1)
(0 357.5340448 1)
(62 357.5340448 1)
(124 357.5340448 1)
(186 357.5340448 1)
(0 360.5578182 1)
(62 360.5578182 1)
(124 360.5578182 1)
(186 360.5578182 1)
(0 363.3049695 1)
(62 363.3049695 1)
(124 363.3049695 1)
(186 363.3049695 1)
(0 365.8008047 1)
(62 365.8008047 1)
(124 365.8008047 1)
(186 365.8008047 1)
(0 368.0683148 1)
(62 368.0683148 1)
(124 368.0683148 1)
(186 368.0683148 1)
(0 370.1283876 1)
(62 370.1283876 1)
(124 370.1283876 1)
(186 370.1283876 1)
(0 372 1)
(62 372 1)
(124 372 1)
(186 372 1)
)


// ************************************************************************* //
